16 14 16 18 20 13 15 15 18 16 22 14 14 15 16 18 16 18 15 12 14 18 13 18 16 9 17 20 16 14 17 14 11 19 17 18 13 13 16 16 17 15 23 14 18 18 12 17 17 17 18 16 14 13 15 13 19 19 14 15 14 14 16 15
23 15 21 19 25 15 20 21 20 19 21 20 19 21 22 22 16 27 17 16 17 17 21 16 20 21 22 24 20 24 21 15 14 24 22 21 19 16 21 22 21 19 26 17 24 20 20 22 21 25 22 22 19 21 17 25 21 21 18 25 18 17 17 15
17 12 20 16 14 16 15 15 19 14 20 17 15 16 14 21 16 23 12 15 19 19 16 15 13 13 15 20 17 19 19 13 12 19 16 16 13 13 13 17 16 12 20 15 16 18 9 16 18 19 16 15 18 14 16 11 16 13 13 16 15 19 19 15
15 13 15 15 18 15 16 16 20 17 15 17 15 14 14 19 14 17 17 15 14 21 13 17 11 16 16 15 15 18 21 15 12 16 18 18 16 14 13 14 19 14 18 17 16 15 14 16 11 22 19 15 20 15 17 12 16 19 15 17 16 10 16 16
18 14 15 19 22 14 15 19 20 19 20 18 15 19 18 19 19 21 15 13 14 18 15 13 12 14 23 23 24 23 21 13 17 20 18 20 21 17 16 16 21 18 26 15 18 18 14 21 15 23 18 20 17 20 17 17 18 22 18 19 20 15 17 18
19 15 16 18 18 13 14 18 17 13 19 16 16 19 19 16 15 16 14 14 15 16 13 17 14 14 18 21 18 19 19 15 10 18 18 17 19 16 16 18 20 14 22 19 17 16 13 18 12 20 17 16 16 16 17 18 16 21 12 19 16 10 17 15
15 16 17 13 20 14 18 15 18 14 17 18 18 18 18 20 13 19 14 15 17 20 20 16 14 20 18 18 17 17 20 13 15 21 22 20 17 8 19 17 19 15 20 17 21 14 16 14 19 19 21 13 18 17 16 19 19 14 18 17 19 17 18 14
16 11 9 11 14 10 6 7 13 13 16 12 9 15 10 18 17 14 10 9 8 10 8 10 6 11 14 14 13 12 12 9 11 10 12 13 12 12 7 14 12 11 15 10 16 13 9 12 10 14 12 11 12 13 9 10 12 14 11 15 12 5 12 12
20 22 20 21 22 19 19 18 22 17 22 19 20 20 22 24 20 24 17 19 22 21 23 20 16 16 18 25 20 21 27 17 20 22 23 26 21 18 22 18 25 14 26 20 21 19 17 20 24 24 22 16 21 21 24 20 21 21 18 21 22 17 21 21
11 13 22 19 18 11 16 17 17 12 19 18 12 13 16 16 14 18 12 13 18 24 17 15 13 17 17 19 19 20 23 14 15 17 20 16 14 12 16 12 17 16 22 14 15 13 12 18 20 18 19 14 20 13 17 14 15 19 14 15 20 17 16 19
18 6 21 16 18 19 15 20 21 18 19 21 20 14 18 20 16 24 14 13 20 23 16 16 20 17 20 21 18 19 23 15 12 19 17 17 14 16 21 19 17 17 22 19 21 19 13 16 21 21 19 16 19 14 17 14 21 19 12 19 15 17 17 19
17 13 12 13 18 14 16 13 16 10 15 14 15 13 14 21 15 17 8 11 12 15 13 11 15 17 16 14 13 16 17 10 10 16 13 17 14 11 13 12 17 16 19 14 14 12 10 14 15 14 15 12 16 15 12 15 11 13 12 15 11 9 17 10
20 15 18 14 20 15 14 19 20 14 16 18 18 18 18 19 12 20 17 15 17 20 19 20 15 16 18 20 16 19 19 14 15 18 24 21 16 12 21 17 20 16 22 15 21 15 20 17 17 18 21 16 19 17 16 18 17 17 15 15 15 16 17 14
26 20 19 20 27 16 23 20 23 19 26 20 20 27 23 26 23 26 20 22 16 22 20 22 18 23 23 26 22 23 25 16 19 27 25 25 23 19 23 25 24 20 29 21 24 20 21 25 20 24 22 23 22 22 15 21 23 23 21 25 20 19 22 21
18 14 16 18 19 14 16 19 18 15 20 17 15 17 16 18 15 18 16 14 14 22 13 17 14 15 20 20 18 18 18 16 13 19 21 17 16 17 15 15 21 14 22 17 16 18 18 21 15 16 17 13 17 18 15 14 15 21 17 19 18 17 15 17
21 12 14 13 19 18 14 14 19 18 16 15 14 16 17 21 14 20 17 16 15 21 11 21 12 14 15 17 16 17 20 15 12 18 20 16 15 12 17 19 18 18 18 15 19 17 15 16 12 18 19 17 15 17 10 15 13 20 12 16 13 13 18 14
15 14 13 18 16 16 13 12 16 11 15 19 14 12 15 15 12 15 14 10 11 16 14 16 11 14 16 16 10 14 13 13 9 14 16 17 13 13 12 11 12 11 18 14 14 11 12 17 14 18 14 13 21 15 12 12 14 13 16 15 14 11 13 13
16 12 20 11 17 12 15 16 20 14 19 19 16 19 15 18 14 20 13 16 16 21 15 16 14 15 17 16 18 19 19 15 14 16 23 16 15 12 15 16 19 15 20 14 19 13 15 17 17 16 19 16 19 14 16 14 18 15 15 15 14 14 17 14
16 17 12 14 18 12 15 13 15 13 16 16 14 18 16 17 18 17 14 14 11 17 15 17 11 15 16 18 14 15 19 13 14 18 17 19 21 11 18 16 16 13 18 15 19 16 14 16 18 17 20 15 16 19 11 13 19 17 15 17 15 12 15 15
20 11 16 17 18 12 14 16 18 15 19 17 17 16 16 16 14 17 15 14 15 19 13 14 15 15 20 18 22 17 20 12 12 21 18 19 17 13 18 18 19 18 20 15 18 19 12 19 17 22 18 20 15 16 13 13 19 18 16 16 12 15 18 18
14 8 12 11 16 13 12 14 10 11 13 10 12 13 13 17 13 18 11 9 10 15 11 9 6 11 14 15 15 16 13 9 8 16 14 12 12 12 12 14 13 12 18 10 15 16 9 14 16 15 16 14 12 16 10 11 11 14 9 11 14 12 12 8
20 14 16 17 21 16 18 16 21 15 20 20 20 18 18 21 17 20 14 15 15 21 16 19 17 17 16 20 18 19 25 15 12 19 22 22 17 16 17 15 19 17 23 20 21 18 14 16 18 18 21 15 19 16 18 19 18 19 15 22 16 8 17 16
18 13 15 18 20 15 16 13 20 13 19 18 18 18 19 20 21 27 11 13 13 18 15 16 16 14 17 21 20 20 22 12 13 21 17 17 15 18 18 18 19 15 21 17 17 17 11 18 23 19 15 15 19 20 12 17 14 14 15 18 18 15 16 18
18 14 17 15 22 13 17 14 16 17 16 16 16 19 20 17 17 19 15 11 11 18 10 16 15 15 16 17 15 15 19 12 12 17 16 19 17 13 16 14 21 16 20 19 18 15 13 18 17 18 17 18 18 16 15 15 19 17 16 18 13 10 14 12
20 14 17 18 20 17 17 18 22 15 19 21 18 18 17 23 17 20 16 15 14 22 17 18 16 20 18 21 16 20 24 16 16 19 16 21 17 15 21 14 20 17 24 20 21 15 14 19 18 21 18 15 19 19 18 16 18 21 15 20 13 11 15 19
15 12 13 15 22 15 19 16 20 21 16 20 17 20 16 19 17 19 16 14 11 21 14 20 13 16 17 19 18 18 26 14 14 20 15 19 14 15 18 17 21 19 23 18 17 17 15 18 20 19 20 20 14 20 17 15 16 23 17 19 15 15 16 16
21 13 17 19 20 12 14 17 19 16 20 17 20 19 19 22 18 23 15 16 17 21 16 14 16 21 23 24 19 22 20 12 15 25 21 21 15 15 17 19 16 15 25 20 23 22 15 17 20 22 20 16 20 18 16 12 21 17 18 17 15 13 19 18
15 13 14 10 15 11 14 12 14 15 14 16 12 15 14 15 13 17 12 14 9 14 16 15 12 15 13 13 13 13 17 9 11 17 17 17 10 10 13 16 16 15 19 15 18 12 12 15 15 16 18 15 12 11 15 15 18 16 11 15 12 13 16 10
17 14 15 13 14 15 12 10 17 11 14 15 12 17 17 18 16 24 16 16 9 14 18 17 10 14 18 14 15 18 16 11 10 17 19 15 11 14 13 16 14 11 20 15 17 14 12 17 17 17 18 15 17 13 11 15 11 16 17 16 15 11 16 10
15 10 17 12 19 13 15 16 14 12 16 16 16 15 16 14 8 19 13 11 15 17 13 13 14 14 19 18 14 17 14 13 7 18 17 14 12 14 17 12 16 14 20 14 18 15 14 14 18 19 18 12 15 12 12 17 19 16 12 16 14 12 13 15
21 14 16 19 18 18 17 16 19 17 17 17 18 17 18 20 15 23 17 19 16 19 18 17 16 20 17 23 20 20 24 16 14 25 19 21 13 14 19 19 22 18 21 18 20 19 15 18 22 24 23 17 18 19 18 15 19 17 16 21 16 13 17 17
16 14 13 17 20 14 17 16 19 16 18 18 22 19 13 20 16 19 12 12 12 17 14 15 14 17 17 16 17 19 22 10 14 18 18 19 19 15 17 15 21 16 20 17 18 13 12 15 13 20 18 15 18 19 18 15 19 16 15 20 13 10 16 15
12 12 14 15 17 12 13 13 17 13 14 15 13 12 12 14 11 14 13 13 13 16 12 13 10 15 11 14 8 20 21 11 12 12 18 15 13 7 12 14 14 16 14 12 12 8 9 12 13 16 12 16 17 11 11 11 14 15 11 13 13 10 12 12
15 15 17 16 18 10 12 16 16 14 15 16 12 17 15 15 14 19 11 12 15 13 15 13 13 17 18 21 13 18 19 12 15 15 15 19 13 14 17 18 19 17 20 14 18 14 15 16 18 18 15 14 15 15 16 16 18 19 13 19 14 14 12 12
10 11 13 15 13 8 13 13 14 13 14 10 12 13 13 12 14 15 11 12 13 16 15 9 10 16 15 18 18 18 18 9 11 17 16 15 12 11 12 14 16 12 17 15 14 16 9 12 19 16 15 13 12 13 14 10 13 12 13 12 16 12 13 13
17 11 18 15 16 16 12 15 17 14 18 20 20 18 17 21 18 24 12 11 17 17 16 14 17 15 18 19 17 18 20 9 15 19 17 22 14 15 18 16 17 16 23 14 22 15 14 14 19 21 18 14 18 14 17 16 20 14 13 16 16 14 16 17
20 15 17 14 24 14 16 16 18 14 18 21 19 17 21 20 15 20 12 13 17 19 16 15 21 20 23 18 16 17 19 13 14 20 18 21 16 15 17 15 20 19 21 19 18 16 15 15 20 19 18 14 19 17 14 19 20 17 19 17 18 16 19 16
18 19 17 19 16 16 17 20 19 16 21 18 18 20 15 18 15 22 18 14 14 20 18 22 17 18 22 18 21 21 26 18 15 22 19 24 17 14 20 19 22 20 23 15 18 16 16 20 20 22 21 18 17 17 16 18 16 22 18 19 16 16 18 16
15 11 16 17 17 14 14 13 19 17 17 15 13 15 14 18 14 18 15 14 13 15 13 13 11 15 12 19 18 20 20 11 15 17 19 14 16 11 16 19 18 14 19 11 18 14 14 21 14 18 16 18 14 17 17 17 14 19 14 19 13 15 14 14
19 14 16 16 15 15 11 16 18 15 18 16 14 15 16 21 17 17 14 16 15 18 12 17 13 14 17 15 17 14 20 15 15 16 17 21 16 12 13 15 20 16 18 16 17 13 13 16 14 17 17 17 18 14 18 10 15 17 17 17 14 11 19 14
15 14 13 13 16 9 14 14 15 12 14 11 13 14 19 12 12 18 13 13 12 16 10 12 15 14 17 16 16 19 17 10 12 17 17 12 12 13 11 13 21 15 16 16 14 14 9 14 16 17 14 13 14 11 10 14 14 14 14 14 13 11 15 13
18 12 14 14 13 15 12 15 15 13 18 16 17 15 14 15 12 16 12 10 14 15 12 15 14 14 17 15 12 14 16 12 10 17 16 16 15 11 13 14 14 14 18 15 19 14 14 12 14 16 15 10 14 14 11 16 17 12 12 15 12 9 14 13
20 15 14 17 16 14 13 15 21 14 18 18 15 19 18 22 21 16 13 14 18 14 18 14 16 13 18 23 17 17 19 13 15 18 16 20 20 11 19 16 20 15 25 13 22 16 15 20 14 19 21 17 16 17 21 13 18 19 14 18 13 12 17 15
21 15 18 22 20 17 16 17 23 20 22 20 18 20 17 23 17 20 15 12 16 20 14 20 15 17 20 22 18 20 23 15 13 22 18 21 18 14 17 14 19 18 23 17 19 16 16 22 17 19 21 18 23 18 18 13 15 21 18 16 17 15 19 15
23 12 19 14 20 15 19 18 20 13 24 20 20 20 18 22 17 23 13 13 17 16 18 13 17 18 20 20 17 19 19 11 17 21 21 20 17 16 16 15 20 19 28 15 23 14 22 22 18 18 18 17 20 17 18 19 18 14 19 18 15 14 17 18
15 15 19 11 21 14 14 12 19 14 14 18 14 18 15 19 15 21 17 17 13 18 15 13 12 14 17 18 15 18 16 11 14 16 19 21 15 9 16 16 17 18 21 14 17 15 12 15 16 18 21 16 14 17 10 14 19 18 13 16 16 13 14 14
20 18 17 19 22 18 20 15 19 16 20 19 18 19 17 22 19 22 14 18 13 24 17 21 13 19 18 24 18 21 24 17 15 23 23 22 16 17 17 17 19 19 24 20 22 19 14 21 20 17 19 21 20 20 16 14 19 20 17 17 15 13 25 14
16 13 15 17 20 8 16 15 21 12 21 18 18 18 14 18 15 18 11 14 13 17 15 16 17 18 19 22 13 21 20 11 14 18 16 16 14 18 16 17 16 12 19 15 18 15 13 16 19 17 13 13 19 18 10 16 19 14 14 20 16 15 16 17
21 16 18 19 25 19 21 17 22 18 23 20 22 18 19 25 21 25 16 17 18 23 21 18 14 21 23 21 20 22 25 13 16 24 25 26 18 17 20 19 21 21 26 19 22 18 17 20 24 22 20 22 21 22 18 18 18 19 21 18 22 17 19 17
14 16 16 15 15 15 15 15 18 13 17 18 18 14 16 17 16 19 14 13 16 20 15 18 15 14 18 18 19 19 24 15 11 18 17 18 13 16 18 18 22 14 17 14 16 13 11 19 21 20 18 14 20 19 17 14 14 18 15 17 20 15 16 16
13 11 10 11 16 12 15 12 16 14 12 13 11 17 16 15 15 16 11 14 12 17 12 12 10 12 14 17 15 16 18 12 11 18 15 15 15 9 14 11 16 13 17 14 14 14 9 14 13 15 14 16 11 13 11 10 15 14 15 15 13 13 14 13
18 12 14 16 16 15 16 15 18 16 21 17 17 18 13 18 20 19 14 13 14 17 16 15 16 20 22 20 17 17 21 10 12 21 18 18 15 15 19 16 17 16 24 15 18 14 15 20 19 15 15 16 18 16 14 13 15 16 18 17 15 13 13 17
18 16 15 17 17 12 12 12 12 13 17 16 17 13 16 18 15 15 11 8 15 13 12 11 16 20 17 18 14 15 17 9 14 15 15 18 16 12 16 14 17 17 16 14 19 13 14 14 15 18 14 15 18 17 13 13 16 13 16 16 13 11 17 12
13 8 14 16 20 17 12 14 17 15 13 14 16 11 16 19 13 19 14 11 15 20 12 11 15 15 17 18 15 21 16 10 12 18 20 13 16 9 18 16 13 12 18 11 16 16 12 14 14 18 16 12 17 16 11 16 16 17 13 14 15 14 12 13
18 17 13 12 21 15 16 14 15 13 16 13 18 15 19 20 16 19 14 15 16 15 14 15 14 15 17 19 14 16 18 9 13 19 17 23 17 17 20 17 20 14 19 17 16 15 14 15 18 19 15 16 17 18 14 14 17 16 15 16 16 13 18 14
16 12 14 16 11 12 14 15 14 16 18 11 12 12 12 14 12 12 14 11 11 16 9 10 12 13 14 17 15 16 18 10 14 14 12 13 13 12 8 12 20 17 17 14 15 14 13 18 13 17 14 15 11 14 14 10 13 13 13 16 12 12 16 15
17 15 15 17 18 17 14 11 16 13 15 19 14 15 17 19 21 20 13 15 14 15 14 15 15 11 15 21 17 17 18 13 11 16 15 20 17 16 16 14 19 16 23 16 15 14 10 19 18 18 17 18 18 17 17 15 15 18 12 19 16 9 15 13
20 14 14 19 21 17 13 16 19 21 21 16 16 17 20 22 18 24 14 11 12 20 14 15 15 19 20 19 23 23 23 14 15 22 21 17 15 15 18 21 21 21 20 16 19 17 15 20 23 21 16 20 18 22 14 16 13 20 17 16 16 15 20 16
18 14 13 14 21 9 14 15 18 17 14 16 14 14 17 17 16 17 13 12 11 13 12 15 13 14 16 18 14 18 21 14 12 17 15 15 16 15 16 18 21 13 15 18 18 18 13 14 15 17 14 18 12 19 12 15 18 19 11 19 14 11 17 12
12 11 11 12 13 10 11 11 11 11 17 10 13 13 12 13 12 11 11 8 11 15 10 12 9 11 11 16 11 15 16 7 13 13 16 10 12 8 12 15 13 12 14 12 15 12 12 13 11 13 8 14 12 13 11 9 13 13 14 10 9 11 13 11
12 16 10 14 13 8 11 12 8 9 13 11 8 11 12 10 12 12 9 10 10 8 11 10 7 10 12 17 16 11 16 9 12 15 11 13 16 11 14 9 17 10 14 12 9 11 10 14 14 12 11 12 12 14 11 9 10 13 11 12 13 10 14 10
17 18 20 19 21 15 15 18 22 16 23 19 18 20 16 23 19 25 16 15 16 20 19 17 12 16 23 21 22 24 24 15 19 19 24 18 19 16 16 19 21 17 24 16 22 19 15 18 16 21 21 18 20 21 18 16 18 20 21 19 21 16 22 16
15 11 12 10 15 12 12 8 15 10 15 11 10 13 14 20 16 18 7 13 13 13 12 9 10 11 12 17 11 16 16 9 11 14 14 13 12 8 12 13 13 10 14 10 15 13 9 14 14 12 11 12 17 11 10 10 13 11 12 11 12 11 16 9
19 14 11 11 18 13 14 11 14 11 14 15 13 13 15 18 14 16 15 14 10 17 13 13 12 15 16 15 14 14 17 12 12 16 16 15 14 12 14 13 16 14 17 13 17 13 9 17 12 13 13 15 15 17 8 13 13 16 13 13 12 10 16 10
