326 361 307 283 300 312 407 418 390 458 446 275 308 480 263 420
453 441 358 312 291 402 365 438 399 603 443 443 442 526 396 410
392 382 411 304 289 369 332 428 359 508 490 381 326 453 392 399
317 388 346 340 250 397 437 391 366 508 404 363 348 487 367 387
352 425 364 406 303 419 441 449 449 583 511 422 389 497 316 514
346 366 257 224 154 250 267 299 316 422 270 252 377 356 258 297
236 294 262 273 211 315 309 301 303 439 290 338 300 395 239 304
333 305 240 211 246 293 290 324 319 381 340 217 244 393 272 311
396 389 352 276 334 298 281 379 395 450 410 311 299 427 297 403
409 357 350 240 293 268 267 333 349 441 362 323 323 427 293 375
355 335 333 325 249 300 349 355 390 513 419 315 331 481 278 387
261 238 254 200 261 252 296 342 263 320 357 232 228 374 204 306
374 347 318 280 304 255 278 373 376 461 405 294 295 392 256 378
227 228 254 248 263 207 198 254 224 362 278 296 132 334 220 278
280 293 271 266 188 242 298 321 269 411 323 278 253 434 258 309
252 314 265 213 171 248 258 294 280 364 290 274 323 312 251 249
