0 0 45 2 0 0 0 0 0 0 25 0 0 0 0 0 0 0 0 0 0 0 0 0 0 2 0 0 0 0 0 0 34 0 0 0 0 0 0 0 0 0 0 0 0 12 0 8 15 0 0 0 0 0 0 0 0 0 14 0 12 8 0 0
0 10 0 0 0 0 14 8 0 21 0 0 0 8 0 0 0 4 0 0 0 8 5 0 0 0 0 2 42 0 7 48 0 0 99 0 56 0 0 5 0 0 0 4 0 0 0 0 0 0 0 0 0 0 0 0 24 135 40 0 0 0 0 0
0 6 0 0 0 4 0 0 0 0 0 0 0 0 0 0 0 0 0 0 2 0 0 0 0 0 0 5 6 0 0 0 0 0 29 0 0 7 0 3 12 16 0 0 0 0 0 0 0 0 0 0 4 0 0 0 0 0 0 0 0 2 0 49
14 12 28 0 0 112 45 7 14 28 0 0 0 35 16 63 10 54 16 0 0 0 0 0 81 0 0 0 63 0 0 0 35 91 0 0 0 0 20 36 54 0 8 42 0 28 0 0 0 0 0 0 0 0 0 37 0 63 0 0 0 72 0 0
0 0 0 10 21 0 18 0 0 27 15 0 0 0 21 49 0 0 0 0 48 15 45 0 0 0 0 0 54 30 41 0 21 0 0 35 0 0 0 0 0 7 0 49 0 0 0 4 0 30 0 0 0 0 0 0 0 81 40 35 0 0 0 40
0 3 0 50 24 0 14 0 9 21 0 0 0 32 24 79 37 16 6 0 32 27 20 0 3 0 0 8 42 36 14 0 24 12 0 40 0 0 0 24 8 8 6 72 18 0 3 6 0 0 0 0 15 0 0 0 0 75 47 63 0 0 0 72
0 24 6 48 0 21 0 21 0 0 21 3 0 0 21 0 20 0 57 48 35 0 0 0 12 0 9 0 0 48 0 12 0 27 10 0 21 0 39 0 0 0 0 0 0 6 0 0 0 0 6 0 57 54 42 54 0 0 0 0 0 5 0 42
0 54 0 0 0 0 0 48 0 0 33 0 63 6 0 0 35 56 56 30 0 0 0 0 0 0 18 54 0 48 42 0 0 73 56 0 0 1 7 6 0 0 0 0 0 0 0 0 0 0 0 0 14 0 0 0 0 0 18 0 0 0 0 7
0 0 1 8 0 0 0 0 0 0 45 0 0 0 0 0 0 0 0 0 0 0 0 24 2 0 0 0 0 8 0 2 6 0 0 0 0 0 35 0 12 42 12 0 0 0 0 0 0 40 0 0 8 0 7 34 0 0 24 15 0 0 0 22
14 0 0 0 0 56 0 56 0 0 62 0 0 0 0 5 0 0 0 0 0 0 0 6 45 0 0 25 0 0 0 0 0 72 0 0 56 0 0 0 0 0 0 0 16 0 15 5 0 0 4 0 0 10 0 0 25 0 0 0 35 0 0 0
72 0 0 0 12 0 0 0 0 0 3 0 0 0 0 0 0 0 0 0 24 0 9 0 0 0 0 0 0 6 0 0 18 0 0 0 0 0 0 0 0 0 0 32 0 0 0 12 0 6 0 0 0 0 16 0 0 12 3 0 64 0 0 0
0 0 0 0 0 16 0 0 0 0 0 0 63 72 0 0 0 36 25 30 43 0 45 0 0 0 0 38 0 0 42 0 0 49 42 0 0 0 35 0 0 0 0 36 0 0 0 0 0 0 0 0 30 45 0 0 0 0 0 0 0 5 0 0
2 7 28 12 32 0 2 0 0 0 0 1 0 0 0 0 0 9 0 34 34 14 4 20 0 0 0 0 0 0 32 0 5 5 0 0 16 0 0 18 10 35 10 0 0 0 5 22 8 0 0 0 0 0 0 16 14 0 20 44 4 0 10 5
78 0 0 48 0 0 0 6 6 0 110 0 64 0 0 60 0 0 8 0 48 0 54 18 0 0 0 0 0 36 0 0 0 0 0 0 32 42 0 0 0 0 0 16 48 0 0 0 0 36 12 64 0 12 8 0 0 72 18 0 20 0 0 72
10 13 0 6 28 33 27 1 49 0 0 1 0 48 12 0 0 33 0 0 22 7 30 0 10 0 0 35 4 0 32 6 0 5 37 0 7 3 0 17 0 0 6 24 0 21 19 4 0 0 4 0 20 0 56 0 45 9 5 0 0 0 0 32
0 0 0 0 0 0 0 0 0 0 0 0 0 0 0 0 0 0 0 0 0 0 0 0 0 0 0 0 0 0 0 0 0 0 0 0 0 0 0 0 0 0 0 0 0 0 0 0 0 0 0 0 0 0 0 0 0 0 0 0 0 0 0 0
0 28 35 24 0 21 0 21 0 0 21 4 40 0 0 0 3 36 2 0 0 24 35 0 1 0 0 0 35 41 0 0 0 47 0 0 21 0 0 0 0 0 0 0 6 0 20 2 0 0 25 0 10 0 0 0 0 0 0 0 0 0 0 20
56 0 21 21 23 47 9 16 0 0 113 48 0 2 4 0 6 0 4 10 6 0 0 68 2 0 6 82 12 28 0 27 3 114 0 0 16 0 63 0 6 85 8 0 12 7 0 60 0 72 54 16 66 0 0 45 0 0 39 59 78 0 0 49
0 0 0 119 0 45 6 9 72 9 39 0 0 64 0 53 7 32 0 0 0 0 76 27 0 0 0 79 45 24 52 0 28 0 0 0 0 63 0 0 110 72 0 113 0 93 21 0 0 24 0 0 0 18 0 54 0 54 26 0 21 9 0 0
0 0 63 62 18 67 9 42 0 0 149 0 45 0 0 0 0 0 0 0 0 0 0 15 0 0 0 35 0 0 30 0 0 143 0 0 42 0 46 36 0 0 0 45 0 40 0 0 21 32 0 0 82 0 0 50 0 15 0 12 18 72 0 21
0 0 7 141 86 0 0 0 72 0 28 0 0 0 0 40 8 0 0 0 0 0 0 0 14 0 0 0 0 56 56 14 0 42 0 0 0 0 0 0 64 0 0 0 0 0 24 0 0 0 0 36 112 0 49 63 0 0 16 0 59 0 0 56
0 56 0 48 48 0 18 0 0 35 12 8 9 0 36 0 0 104 32 0 32 48 0 4 0 0 8 0 78 0 15 0 0 47 8 0 0 0 8 40 0 0 0 0 0 0 40 0 0 0 0 24 2 0 32 0 0 81 0 0 30 0 0 40
8 63 0 54 0 0 0 54 0 45 12 9 0 0 0 0 0 113 0 0 56 86 16 81 0 0 0 0 3 0 0 0 0 45 8 0 0 0 63 0 6 8 0 0 0 0 45 0 0 0 0 0 0 0 0 64 0 0 0 32 0 1 40 45
54 0 28 0 0 0 0 0 0 0 18 0 32 0 0 0 0 48 0 0 0 0 28 0 0 0 0 0 28 28 0 0 0 0 12 0 0 0 0 0 0 0 0 24 0 0 0 0 0 0 20 0 4 0 12 0 0 0 0 0 30 0 0 0
0 0 0 0 0 46 0 42 0 0 45 0 0 0 0 0 0 0 35 42 51 0 9 0 0 0 0 5 0 6 0 0 0 54 22 0 42 0 49 0 0 0 0 0 0 0 0 0 0 6 0 0 4 63 0 0 0 0 3 0 0 7 0 0
7 0 37 72 0 36 0 81 0 30 3 9 32 18 63 0 0 0 64 54 18 0 73 89 18 0 43 45 76 100 18 18 34 0 72 0 0 0 58 40 12 87 12 0 8 39 0 0 0 0 40 0 139 90 99 81 0 0 24 0 21 72 0 63
87 14 0 18 16 21 0 68 46 0 18 23 0 8 0 3 0 18 0 0 0 12 20 16 47 0 0 59 8 0 8 0 0 18 0 0 38 0 31 28 36 52 0 0 24 0 47 10 0 8 20 2 32 34 48 5 39 54 0 19 29 32 0 25
40 0 28 0 15 36 4 0 0 6 0 0 32 0 15 35 0 0 0 0 22 0 28 0 40 0 0 77 56 28 2 0 15 0 8 25 0 0 0 56 0 5 0 35 0 0 56 0 0 0 36 0 72 0 0 0 0 18 0 0 0 0 0 24
71 0 61 12 56 111 27 3 8 16 27 9 0 15 12 0 0 0 0 49 0 0 0 113 0 5 0 79 36 0 0 0 65 120 0 0 18 0 0 0 10 35 16 27 72 29 0 104 14 0 72 18 0 0 0 18 0 39 55 63 79 20 0 0
49 0 0 0 0 8 0 0 0 0 27 0 0 0 0 0 0 32 0 0 28 16 8 15 10 0 0 18 4 0 0 0 0 0 8 0 0 0 0 14 0 0 0 0 40 0 14 0 0 0 14 0 16 0 0 32 0 0 0 16 0 0 20 6
24 0 0 8 0 0 0 64 24 0 0 0 0 0 0 0 0 0 0 0 0 0 0 0 0 0 0 0 18 0 0 0 0 0 0 0 48 0 32 0 84 48 0 0 0 0 0 0 0 0 0 0 0 0 0 0 0 72 0 0 0 6 0 0
0 14 0 0 12 28 36 6 21 5 0 0 0 0 16 0 0 0 40 48 56 0 0 9 0 0 0 0 0 0 0 0 0 0 65 0 0 0 63 7 0 0 8 0 0 28 0 0 0 0 0 0 0 72 24 0 18 0 0 0 0 8 0 0
0 16 70 0 8 0 0 0 0 14 0 0 72 0 0 0 42 0 0 7 0 35 112 0 0 0 0 0 63 63 0 0 36 0 56 0 63 0 0 8 0 0 0 0 0 27 0 19 2 0 45 0 9 0 0 56 63 14 0 9 28 0 0 0
73 0 63 15 26 20 0 6 44 69 73 45 9 0 0 12 0 35 0 0 0 0 35 0 0 0 0 0 45 0 20 0 0 82 0 0 0 42 0 0 0 100 0 0 0 0 0 7 21 42 0 0 98 12 32 0 38 45 0 78 73 0 0 5
0 7 7 56 8 0 0 0 0 18 0 0 0 0 81 42 75 0 8 7 72 0 0 0 4 0 0 0 0 66 0 0 0 28 0 0 0 0 0 101 0 0 14 0 24 0 0 11 2 0 0 0 20 0 72 0 0 28 0 9 1 0 0 0
0 0 0 0 3 0 0 0 0 0 0 0 0 0 3 7 0 0 101 54 77 0 0 7 0 0 14 0 42 0 16 0 3 0 18 5 0 0 77 35 0 1 0 7 0 0 0 2 0 0 0 0 0 81 0 0 0 0 0 0 0 9 0 0
12 7 2 76 0 0 0 32 12 63 0 0 81 0 0 42 117 0 0 0 0 45 63 0 4 0 0 0 3 58 81 4 0 28 0 0 105 0 34 56 30 8 14 0 0 0 0 72 0 0 0 0 16 0 14 171 81 82 0 54 0 1 0 68
26 0 0 0 0 0 8 0 27 12 0 10 0 64 0 0 0 32 0 0 0 0 40 0 0 0 0 16 24 0 31 0 0 0 0 0 0 0 0 0 0 16 0 32 0 0 0 0 12 0 0 0 0 18 0 0 0 36 27 8 0 0 0 0
0 6 27 60 6 21 4 21 0 0 36 0 0 32 0 36 54 16 0 12 12 0 20 0 0 0 0 8 0 36 0 0 9 51 0 0 53 0 0 84 0 0 12 16 0 0 0 18 9 0 0 0 0 0 0 0 28 30 0 0 12 0 0 0
18 2 0 16 0 10 0 0 0 0 0 5 0 0 21 12 51 0 22 18 0 20 68 16 3 0 13 16 12 30 0 0 24 24 0 0 40 0 4 26 0 32 4 8 18 24 0 28 0 0 18 4 24 9 4 32 52 16 0 48 116 0 0 0
56 0 4 0 0 29 0 52 0 4 21 0 72 17 18 6 0 0 8 0 30 8 34 1 54 0 2 30 6 0 60 0 5 87 0 0 21 6 2 15 0 30 0 30 0 0 18 6 0 0 0 0 16 54 52 20 30 0 0 8 72 48 10 42
36 8 0 0 0 0 0 0 81 0 0 0 0 0 0 0 0 0 0 0 0 0 0 0 0 0 0 0 0 0 81 0 0 0 28 0 0 0 0 4 0 0 0 0 0 0 0 0 36 0 0 0 0 54 0 0 0 0 81 0 0 0 0 0
0 0 42 0 0 0 1 0 0 0 12 5 48 16 35 0 0 40 0 30 0 0 52 0 0 0 15 4 60 42 0 0 0 0 8 0 0 0 2 4 36 48 0 8 0 10 0 0 0 0 40 0 21 15 0 0 0 0 0 0 0 14 0 0
63 6 7 102 0 0 2 3 48 0 36 0 0 0 0 31 25 0 18 6 0 0 0 27 19 0 0 0 0 86 35 14 24 0 0 0 16 21 1 18 40 0 0 0 102 18 15 16 0 0 18 0 81 6 49 63 14 0 10 0 18 0 0 49
0 0 0 12 0 0 3 70 6 0 52 4 0 32 28 12 0 12 0 73 0 0 15 0 0 3 36 78 0 64 0 0 27 32 0 0 24 42 14 27 0 0 0 12 0 8 0 21 0 16 8 0 12 24 0 10 21 0 45 6 0 12 0 6
0 12 7 23 8 10 0 42 0 51 7 0 89 0 72 6 0 0 1 7 70 0 0 69 0 3 0 14 0 0 81 0 27 0 42 0 4 0 67 46 0 0 0 18 0 16 0 15 2 0 0 8 0 0 64 93 0 15 21 63 1 12 0 63
32 5 63 53 0 0 0 35 72 0 42 0 8 12 0 39 45 0 1 0 46 5 30 0 27 7 0 15 0 30 148 30 63 20 40 0 39 0 0 40 0 30 10 0 0 0 9 39 53 0 0 8 0 96 24 0 30 74 146 0 21 76 0 9
0 0 0 0 0 7 9 26 0 81 83 2 0 1 63 0 0 40 0 17 40 0 0 27 0 0 9 9 0 8 16 0 0 4 0 0 0 0 84 25 0 0 2 0 0 11 0 0 0 120 4 0 70 6 40 45 0 0 3 27 0 0 0 27
7 48 16 15 10 32 0 4 0 0 20 5 0 20 0 63 40 48 64 0 0 0 0 0 135 0 0 35 0 0 0 0 20 46 0 0 0 0 8 0 48 8 0 24 0 0 21 7 0 0 0 0 40 14 0 24 35 0 0 4 59 0 0 5
0 33 0 72 0 4 0 0 0 0 3 0 0 0 0 54 101 0 32 0 2 0 9 0 0 0 0 5 0 60 0 0 0 36 8 0 0 5 4 72 0 0 18 0 0 0 0 0 0 6 0 0 4 0 0 0 0 36 3 0 0 0 0 35
84 56 0 63 0 48 21 0 0 24 0 47 0 0 0 6 0 72 0 15 30 48 0 28 89 0 0 125 62 0 56 0 0 72 0 0 48 8 0 94 0 56 0 0 0 0 107 55 0 0 38 8 56 12 0 0 65 72 0 28 74 0 0 117
0 0 0 3 0 0 1 0 0 0 0 0 0 0 0 0 33 0 61 45 49 5 7 1 9 0 2 0 6 54 0 0 0 0 14 0 17 0 51 14 0 0 0 0 54 0 0 21 0 0 0 0 45 63 0 8 16 2 0 0 0 7 0 0
0 4 63 32 72 4 0 0 0 56 81 0 0 0 0 24 36 0 0 63 2 0 0 0 0 0 0 5 0 24 0 0 24 16 8 0 0 9 63 32 0 0 8 0 0 18 0 91 18 72 0 0 4 0 0 45 0 16 0 108 27 0 0 90
0 0 21 30 24 20 0 31 1 25 31 4 32 0 0 89 0 54 4 21 24 9 0 73 81 0 0 32 0 0 0 0 0 32 0 0 24 7 35 0 54 0 0 0 0 0 0 37 6 0 24 40 0 2 0 9 0 36 15 48 35 0 0 60
44 1 3 32 3 62 0 12 9 0 45 6 0 0 3 38 9 0 0 0 32 19 62 42 109 0 0 155 16 66 0 24 3 52 24 5 33 70 0 64 0 1 2 7 0 0 77 49 0 36 52 12 88 32 21 59 44 31 33 16 97 0 20 94
0 0 0 24 16 0 0 9 4 0 44 0 27 0 0 71 0 54 0 0 0 5 0 0 81 0 0 0 0 0 18 30 0 69 40 0 35 28 0 0 54 0 0 0 0 0 0 0 0 0 0 0 70 8 0 9 15 45 25 0 16 0 0 8
54 0 0 0 0 0 0 0 0 0 0 6 81 0 42 0 0 0 0 36 0 0 0 4 0 0 18 0 0 0 54 0 1 63 0 0 0 0 0 0 2 7 2 24 0 12 0 0 0 0 12 0 36 18 12 0 0 0 4 0 30 0 0 0
9 49 0 42 24 0 0 10 0 0 0 7 45 0 0 0 3 63 74 0 0 42 35 9 1 0 18 0 75 6 30 15 0 70 0 0 15 0 18 45 42 56 0 4 6 0 35 2 0 0 0 12 15 10 2 0 35 0 0 5 20 7 0 35
0 0 0 0 9 18 18 0 0 27 9 0 0 0 27 21 0 0 53 54 75 0 27 1 0 0 2 0 60 18 9 0 9 0 18 25 0 0 65 5 0 3 0 21 0 0 0 0 0 18 0 0 0 81 14 0 0 81 9 0 0 9 0 0
0 0 21 155 26 0 0 4 85 0 32 0 0 0 0 53 9 0 0 14 0 18 0 0 14 0 0 0 0 56 63 14 0 30 0 0 0 28 0 0 72 0 0 0 0 0 27 6 4 0 0 0 96 8 49 63 0 0 48 60 12 0 0 102
0 0 28 0 32 0 0 0 0 81 0 0 0 0 81 0 0 0 0 28 72 0 0 0 0 0 0 0 0 0 0 0 0 0 0 0 0 0 0 45 0 0 0 0 0 0 0 84 8 0 0 0 0 0 72 0 0 0 0 36 4 0 0 0
59 35 0 52 10 12 0 56 36 12 59 5 0 0 0 0 21 117 14 0 0 30 0 12 7 0 0 0 30 42 9 0 0 82 18 0 42 0 28 0 48 8 0 0 74 0 25 14 4 0 8 0 75 6 0 0 0 90 9 0 10 1 0 30
0 14 3 61 0 0 15 2 0 23 25 2 8 0 63 6 0 18 41 12 62 12 7 5 6 7 10 0 48 24 3 9 63 10 0 0 39 0 34 116 0 0 0 0 0 0 10 40 0 16 0 8 24 2 77 37 35 36 49 7 0 68 0 46
5 63 0 68 36 4 16 0 63 24 0 9 0 0 0 0 0 81 0 0 0 75 0 0 5 0 0 9 50 0 8 0 0 45 0 0 0 0 0 7 0 0 0 0 0 0 52 0 0 0 2 0 8 0 72 0 54 72 35 49 0 0 0 104
