0 16 24 2 7 0 24 56 12 6 0 17 0 9 0 56 0 0 56 56 56 32 0 36 0 16 18 0 105 7 16 0 0 56 0 14 0 0 13 0 4 0 0 0 0 38 0 0 0 0 0 63 0 28 0 0 0 0 0 21 0 0 6 14
45 2 0 34 8 27 0 0 0 0 0 54 12 67 35 64 0 0 64 48 66 0 7 0 21 0 0 48 91 42 0 6 40 12 0 16 0 0 24 0 24 5 18 56 46 12 53 0 0 0 0 14 0 32 0 0 0 28 0 26 10 0 39 0
56 0 48 16 0 21 12 0 0 65 86 0 64 0 0 24 87 35 68 40 20 0 21 30 0 72 35 0 48 0 0 45 47 0 0 54 0 0 5 0 0 0 0 0 0 12 49 0 0 0 56 30 0 21 68 0 0 0 32 0 25 5 0 146
21 0 0 5 10 0 15 0 0 0 0 25 24 0 0 9 0 0 0 15 30 0 0 5 0 0 0 0 20 60 0 0 0 0 0 0 0 0 0 40 0 0 0 20 0 24 0 0 0 0 0 0 0 0 0 0 0 0 0 0 0 0 0 0
27 0 0 27 0 4 12 28 0 16 14 54 0 0 53 0 27 0 12 9 41 0 24 0 4 32 0 0 12 42 49 50 58 6 0 72 0 0 0 0 44 30 0 12 18 12 4 0 18 40 0 10 0 0 22 30 0 0 34 63 6 0 0 112
0 24 6 57 30 54 0 0 0 0 0 26 0 6 0 0 32 9 43 16 0 0 21 3 0 0 0 0 66 47 19 0 0 10 8 0 0 24 8 24 8 12 12 0 6 7 0 0 15 27 0 0 27 1 0 0 0 28 0 39 9 0 22 27
0 0 0 4 0 0 0 0 0 0 0 0 0 28 0 0 0 0 0 0 0 0 4 0 12 0 0 0 0 0 0 0 0 0 0 0 0 0 0 0 0 0 0 0 16 0 20 0 0 0 0 0 0 0 0 0 0 16 0 0 0 0 0 0
0 0 0 0 0 8 0 0 0 16 0 0 0 16 0 0 0 15 0 0 0 0 0 0 8 0 48 0 24 0 0 0 20 0 0 0 0 0 24 0 0 5 0 0 0 0 33 0 0 0 0 0 0 0 32 32 0 0 4 0 0 0 0 0
0 0 0 9 18 6 0 7 60 10 0 0 49 10 72 0 56 0 28 0 0 0 0 9 6 54 30 0 54 72 28 0 15 0 14 0 0 42 15 72 0 28 35 0 0 21 41 0 0 9 0 0 18 0 24 96 49 94 3 21 108 0 7 0
16 12 0 5 0 48 0 0 0 0 0 0 0 33 0 0 0 0 0 14 0 0 3 20 27 16 0 0 6 0 6 0 0 0 36 63 4 0 0 14 0 0 8 10 18 9 15 0 0 0 0 0 24 0 0 0 6 12 6 0 36 0 0 68
0 57 12 0 0 0 0 0 0 0 0 49 49 0 0 30 0 0 72 63 22 10 0 18 0 0 0 0 0 0 8 52 8 0 36 54 0 24 63 0 45 0 36 0 72 18 36 0 0 0 0 28 54 0 0 4 0 36 0 4 15 0 0 0
0 7 0 14 8 55 0 8 16 45 0 0 42 10 27 64 15 4 64 5 71 0 40 0 0 72 55 42 64 0 0 21 30 0 0 41 0 12 27 0 6 15 63 51 144 0 98 0 16 0 0 49 0 47 64 0 0 0 0 66 0 18 0 63
0 6 20 0 34 45 0 39 54 2 0 0 20 2 6 0 60 0 0 15 0 0 45 0 0 0 6 0 0 0 25 0 0 0 0 25 0 0 3 30 0 15 35 12 40 12 0 81 0 0 0 0 0 0 72 0 0 0 0 35 0 0 0 6
0 0 55 5 10 57 84 30 4 51 0 0 20 0 0 40 45 0 12 26 20 36 32 64 0 0 25 48 0 16 25 0 30 60 28 0 0 0 0 0 0 0 64 0 40 12 163 53 0 0 0 0 0 29 0 0 21 0 32 0 0 0 0 20
0 0 48 0 0 0 9 56 36 0 0 54 0 0 0 0 27 0 72 60 0 0 0 0 0 0 0 0 49 0 0 0 16 0 0 30 0 48 0 54 0 18 0 0 0 0 72 54 0 0 30 135 0 0 0 8 0 72 12 42 0 0 0 0
0 0 0 2 0 0 56 30 114 0 64 0 63 0 93 35 72 0 91 0 0 28 52 56 0 70 0 42 0 14 0 0 0 0 0 0 0 0 0 0 0 9 52 14 63 41 108 7 0 9 64 0 18 0 21 72 72 45 0 0 147 9 0 93
6 32 0 0 32 4 0 0 0 0 0 0 0 0 18 0 0 12 36 0 0 0 37 0 0 0 0 0 0 13 4 0 0 0 8 0 0 0 5 0 0 0 16 0 54 0 0 0 20 36 0 0 36 0 2 0 0 0 0 36 12 0 0 36
42 36 134 0 0 0 6 0 0 8 0 50 0 0 0 0 0 0 6 0 10 45 0 81 54 0 0 0 0 0 36 48 0 24 0 0 0 0 0 0 54 0 0 0 24 87 0 0 36 0 35 0 0 4 0 0 0 0 30 18 0 0 0 10
0 0 0 0 0 0 8 36 32 0 42 18 0 0 0 0 64 18 96 48 0 0 0 0 0 0 0 0 0 0 32 0 0 18 16 0 0 102 54 0 27 24 0 45 0 0 64 0 126 0 0 30 0 0 0 42 0 56 0 24 0 81 8 0
0 54 0 0 93 0 6 5 0 8 45 0 36 0 40 0 0 24 60 0 16 0 42 0 0 0 10 0 0 38 6 18 0 0 0 40 0 18 28 0 9 0 78 28 54 18 54 5 54 54 0 42 54 0 0 45 0 0 16 60 18 27 0 64
0 0 0 4 0 0 24 30 0 32 35 15 0 0 0 0 16 0 32 0 52 0 0 0 0 0 0 0 0 24 36 24 0 31 36 0 0 12 0 0 0 6 0 30 0 24 0 0 45 16 0 25 0 0 0 35 0 14 64 6 0 0 2 40
56 0 58 35 24 41 0 38 0 0 0 56 16 0 0 0 36 0 56 8 0 0 0 8 0 0 0 0 59 64 48 0 0 42 0 0 0 0 0 64 0 0 28 0 102 0 0 36 0 0 0 49 0 7 0 0 0 0 14 0 0 0 3 0
63 81 0 7 14 0 3 0 0 4 0 32 45 0 0 54 0 15 3 0 5 0 0 7 81 0 0 0 28 56 0 144 16 0 0 0 0 0 0 56 186 5 0 0 0 3 25 0 54 8 0 0 0 0 4 0 0 0 8 27 27 0 0 5
0 0 0 0 0 0 40 56 55 28 20 0 0 0 0 0 0 0 40 30 0 0 0 0 0 0 0 0 56 56 18 10 0 0 0 7 0 0 0 36 0 0 0 0 0 0 40 0 21 0 0 0 14 0 0 0 0 0 0 20 0 0 0 0
38 42 0 0 0 24 18 49 0 0 56 30 0 6 0 0 63 0 119 49 36 0 21 9 0 0 0 0 21 24 9 0 0 0 18 27 0 0 0 61 0 0 0 24 0 0 0 0 0 0 56 0 12 0 49 0 24 0 3 0 67 21 0 90
72 81 0 36 9 54 0 19 0 0 9 0 45 0 14 54 0 0 72 0 0 0 0 0 0 0 2 0 36 4 36 72 0 4 8 8 0 0 2 0 81 0 0 5 54 0 0 1 0 0 0 63 0 0 0 9 0 0 18 0 27 0 4 0
0 32 48 0 0 0 8 0 32 0 0 16 0 0 0 0 0 49 64 48 0 40 0 72 0 0 0 0 0 0 32 63 7 0 0 0 0 0 7 0 0 0 0 0 0 72 64 0 0 0 0 42 0 0 28 0 0 0 0 0 35 7 0 0
0 0 24 0 0 0 0 36 0 0 51 18 3 0 0 0 0 0 0 0 0 0 0 8 72 0 0 0 0 0 0 0 0 18 0 4 16 0 0 0 0 0 32 76 0 0 5 0 54 0 15 35 0 0 0 42 0 0 6 0 0 0 0 0
0 12 50 0 16 0 27 60 0 36 14 12 32 0 0 0 72 0 27 16 45 15 0 27 0 0 0 0 0 0 61 0 0 6 0 0 0 0 0 18 0 0 56 12 64 54 0 72 18 0 0 10 0 0 0 14 0 0 72 0 0 0 0 45
63 54 0 8 0 36 48 0 0 56 0 40 0 0 9 30 0 28 0 63 0 24 51 48 0 0 40 36 27 15 0 36 72 0 24 0 0 0 19 63 30 0 6 0 27 0 110 6 0 10 0 24 0 24 27 0 0 0 0 0 20 4 0 0
54 0 0 5 5 36 0 1 6 0 0 0 7 35 0 40 0 6 40 0 52 0 86 0 15 0 0 0 40 9 0 0 0 4 80 10 18 0 45 0 0 3 5 0 20 3 40 0 0 0 0 0 0 28 18 0 21 20 0 15 9 0 0 0
0 3 0 7 14 0 46 52 25 20 26 41 18 0 0 0 0 0 0 0 45 0 0 7 0 0 0 0 68 124 0 15 0 6 0 5 0 0 0 56 0 0 27 40 27 18 27 0 33 0 0 31 10 0 0 14 0 0 0 15 0 0 0 0
0 4 56 0 16 0 9 0 0 0 0 60 0 15 4 0 0 6 0 40 18 5 0 0 0 0 0 0 0 47 0 0 0 10 0 0 0 26 38 20 29 0 0 24 0 10 0 30 24 0 35 0 0 0 0 0 0 0 14 0 0 27 30 0
0 0 12 0 6 0 0 18 0 0 0 0 12 0 0 0 27 14 0 6 0 10 0 0 0 0 0 0 0 0 15 18 2 0 0 0 0 16 2 0 0 0 21 18 24 12 0 39 0 0 0 12 0 0 8 0 0 0 0 0 10 2 0 0
0 0 18 0 0 0 39 0 0 20 0 64 0 0 0 0 0 21 15 0 97 0 0 0 0 0 0 0 0 32 0 27 3 18 0 0 36 0 3 0 0 0 0 32 18 15 0 0 0 0 0 18 0 19 12 0 28 0 40 0 15 3 0 25
0 32 42 0 3 12 0 4 24 0 0 14 52 0 0 24 0 0 24 0 64 35 0 63 12 0 0 0 60 0 28 12 30 0 0 6 54 0 0 0 0 4 56 0 36 75 68 0 0 0 0 28 0 36 48 48 70 0 6 13 36 0 0 0
0 0 94 0 0 0 0 1 60 0 0 40 7 0 0 0 24 0 12 0 0 0 0 0 0 0 0 0 0 0 12 0 0 32 10 0 0 18 0 0 0 10 5 18 30 21 5 0 0 0 40 0 0 5 0 0 7 21 16 9 9 0 3 9
49 0 35 22 0 52 16 16 8 12 0 0 0 0 19 0 0 0 40 32 0 8 9 0 0 0 0 2 0 12 20 3 8 64 0 0 0 0 0 0 3 1 21 0 20 0 56 0 8 16 8 35 0 14 0 0 21 0 10 0 2 0 0 24
0 0 16 0 8 25 16 29 10 0 0 0 16 0 0 10 36 0 0 8 0 8 33 16 0 0 0 12 0 4 20 0 0 0 0 0 0 0 0 0 0 0 30 0 32 0 18 38 0 0 0 0 0 0 40 0 0 0 0 0 0 0 0 0
20 24 8 1 76 0 35 52 22 16 72 40 8 7 72 0 18 0 24 53 36 0 1 0 3 6 16 0 44 84 10 0 0 0 12 68 0 0 37 28 0 0 14 60 20 0 5 26 12 1 0 0 28 0 0 80 0 9 0 0 5 0 0 0
7 0 0 0 27 56 0 3 36 18 36 25 3 32 24 0 40 0 60 35 10 0 0 21 0 0 60 0 0 12 27 0 0 0 72 91 0 30 68 0 0 15 0 27 0 12 5 3 0 0 0 5 58 0 0 27 7 35 7 15 42 0 5 69
0 25 4 14 54 0 15 83 0 20 40 0 4 0 37 0 54 6 154 2 25 0 50 0 0 0 0 0 0 6 7 7 0 0 0 0 0 0 0 45 7 0 15 0 8 15 0 63 10 18 40 0 18 0 63 0 27 0 40 18 69 27 0 144
0 0 42 7 4 0 31 24 58 36 0 81 56 42 0 16 16 0 85 35 61 0 6 1 18 0 0 0 36 24 23 0 0 42 24 24 0 12 35 38 0 14 40 0 78 45 70 0 6 0 0 0 34 15 0 0 56 38 56 12 72 0 2 35
64 0 0 6 5 16 0 24 0 0 0 72 0 0 0 40 8 0 104 0 40 0 0 0 0 48 0 0 47 0 59 0 12 14 28 10 0 0 0 102 18 0 0 0 32 0 0 48 0 6 0 129 0 20 3 0 0 0 16 15 0 0 0 42
5 24 48 45 29 85 0 0 0 16 18 64 6 26 15 40 56 9 95 0 40 0 21 15 0 0 48 0 85 9 45 0 0 48 44 99 0 42 24 18 0 21 12 0 117 0 10 0 15 27 0 10 47 28 0 0 5 49 5 63 39 0 12 72
133 30 0 0 0 72 0 0 42 0 48 72 0 42 28 0 118 0 80 99 0 0 18 27 81 0 0 0 15 56 41 72 32 16 70 81 0 48 32 35 113 28 0 14 0 30 0 0 54 0 48 0 36 0 0 0 9 56 9 51 62 0 56 142
51 24 36 10 0 0 0 10 0 0 64 12 0 0 27 0 72 0 64 0 0 30 39 54 54 0 0 0 0 0 24 53 16 16 32 0 0 24 0 0 59 1 0 0 0 54 0 0 36 0 64 0 0 0 0 4 0 36 0 18 2 0 0 112
0 0 0 0 0 0 0 0 0 0 0 0 0 0 0 0 0 21 0 0 0 0 0 0 0 0 0 0 0 0 0 27 3 0 0 72 0 0 3 0 0 0 0 0 48 0 0 0 0 0 0 18 0 0 12 0 0 0 0 0 15 3 0 0
0 0 35 10 36 58 6 14 12 4 36 0 0 0 52 0 0 0 27 18 5 0 15 0 16 0 8 0 48 16 0 5 40 28 0 32 0 0 8 0 5 0 21 20 0 3 96 4 0 0 0 0 0 14 64 100 21 0 16 0 0 0 0 45
0 0 0 0 0 0 0 21 30 0 24 0 0 0 0 0 0 20 27 0 0 0 0 0 0 0 0 0 0 0 0 12 0 0 0 0 0 42 42 0 21 2 0 17 0 10 10 0 56 0 0 0 0 0 21 0 9 0 0 24 21 72 0 5
9 79 0 40 28 0 48 28 48 62 0 56 40 0 14 48 0 0 60 0 88 0 0 0 0 0 0 5 0 62 0 64 16 0 0 0 0 0 0 35 84 1 0 48 0 40 0 42 20 44 20 0 0 0 30 0 12 0 64 0 54 12 0 48
42 0 0 9 18 23 0 2 0 0 45 0 9 0 16 0 72 0 36 0 30 0 0 0 68 0 4 0 51 8 36 48 35 0 18 28 45 54 4 0 54 27 0 10 0 0 29 2 36 0 0 15 0 20 56 74 35 63 7 45 0 0 10 0
56 0 0 0 0 0 3 0 0 0 0 5 0 0 0 0 0 18 0 0 6 0 0 0 72 0 0 0 0 4 0 64 0 0 0 27 0 54 54 0 99 0 0 13 18 15 0 0 120 0 0 0 0 0 0 0 0 0 0 24 0 81 0 0
12 0 0 10 0 8 20 39 20 16 0 0 0 21 0 0 15 0 9 5 21 0 21 0 9 0 0 0 32 76 49 42 0 0 16 29 0 0 10 0 0 15 0 0 12 0 15 0 12 28 0 0 8 0 11 0 3 12 0 35 7 3 0 0
84 0 0 0 0 62 8 14 8 0 0 0 0 0 0 0 0 0 48 16 0 4 64 0 16 0 0 0 48 6 24 0 40 18 48 0 0 0 30 0 0 0 0 0 24 0 16 0 0 0 0 42 0 0 92 64 0 0 20 0 0 0 0 0
0 36 0 2 32 0 3 0 12 14 81 12 51 28 0 0 74 12 96 18 4 0 30 0 6 0 42 0 0 12 67 12 0 0 18 36 0 54 21 66 0 27 52 0 44 0 115 12 20 36 0 89 36 0 0 0 0 71 0 67 12 0 9 36
25 30 16 19 8 15 0 75 0 33 71 35 16 0 0 0 36 0 59 71 8 0 0 0 6 0 15 2 33 12 20 18 33 15 16 0 0 0 28 35 0 0 28 30 32 0 27 36 53 16 8 25 24 9 45 59 9 0 3 36 21 9 0 0
0 32 86 27 32 35 0 0 0 0 0 72 0 0 0 0 0 24 36 0 30 0 28 0 8 0 0 0 51 12 4 0 20 54 0 0 45 36 36 0 18 0 16 6 54 0 8 0 68 36 20 0 36 29 32 32 35 0 12 36 12 54 3 36
7 0 0 16 0 0 30 0 6 36 0 0 0 0 0 0 0 0 18 24 30 6 0 0 9 0 0 2 0 12 0 8 0 27 0 0 0 0 0 0 9 0 0 0 0 45 0 0 14 16 8 0 0 0 0 0 0 0 48 3 0 0 0 30
5 6 54 0 0 0 0 0 0 0 0 90 0 6 0 0 0 65 0 23 0 0 0 0 0 0 0 0 3 14 0 81 9 58 0 0 0 6 23 7 11 0 0 1 54 4 0 0 8 0 0 54 0 9 36 0 0 0 0 0 45 18 12 0
33 6 0 0 0 0 0 0 0 0 0 0 0 0 0 0 0 0 0 7 54 0 0 0 36 0 0 0 3 0 0 32 0 0 0 0 81 0 0 7 36 0 0 0 0 0 0 0 24 0 0 0 0 36 0 0 63 0 0 12 0 0 0 0
0 81 0 5 5 0 0 0 0 0 0 0 45 0 0 94 0 18 40 0 55 0 0 0 0 0 0 0 40 30 35 102 0 0 0 10 0 54 54 0 108 0 0 9 0 0 0 0 72 20 0 0 0 20 0 0 0 0 0 15 27 81 0 0
112 0 0 0 3 0 10 16 26 8 0 0 56 0 113 45 0 0 24 35 48 0 0 0 0 48 0 0 40 16 0 0 56 0 0 8 36 0 0 0 0 7 0 0 0 0 0 0 6 8 0 0 20 28 0 64 28 40 0 9 54 0 0 0
50 4 35 0 16 70 9 68 0 0 0 66 0 7 4 0 3 0 120 8 18 0 0 6 0 0 0 0 0 19 26 0 12 30 12 18 0 0 4 38 22 0 21 12 24 2 56 42 0 6 0 66 8 14 59 0 47 0 14 0 68 24 6 18
