366 302 337 387 300 274 291 372 371 330 275 377 378 300 352 260
273 224 258 226 203 210 270 264 277 264 165 259 289 250 280 162
344 329 377 368 299 318 314 370 290 356 179 304 336 316 301 225
246 255 293 256 225 271 297 212 207 264 124 196 164 175 172 179
319 333 346 363 303 290 349 391 306 364 196 260 307 306 252 227
257 271 270 276 251 259 261 288 210 251 151 180 233 231 168 206
406 339 371 408 375 331 315 376 320 375 189 314 335 314 319 207
261 244 274 275 204 299 325 284 290 289 185 220 292 282 266 187
410 292 405 420 292 341 392 370 350 430 239 357 417 394 401 220
400 320 407 464 341 285 288 434 343 421 208 375 372 329 357 265
341 302 350 361 283 279 304 291 246 354 204 300 302 262 292 218
457 304 408 446 289 340 355 410 349 499 177 411 457 396 445 226
339 267 343 396 259 288 292 398 317 360 169 297 365 341 296 212
307 252 306 314 220 304 322 239 271 343 207 285 299 274 308 180
282 302 387 343 239 318 350 284 210 397 141 239 273 269 294 197
294 241 269 252 238 223 276 267 270 236 138 195 263 205 273 186
