0 12 0 8 8 4 24 0 0 0 0 0 36 28 40 0 0 0 0 4 0 54 0 0 0 0 0 0 28 0 4 0 8 0 0 0 2 0 8 0 0 0 0 0 0 15 6 22 0 0 99 0 0 8 0 0 0 6 24 17 9 0 0 0
0 36 0 0 8 0 0 0 0 58 0 9 27 0 0 14 109 0 0 16 0 36 0 51 0 14 0 0 0 0 0 0 66 63 0 0 55 0 0 21 0 7 0 14 2 0 0 92 56 0 0 21 0 0 63 36 117 0 8 8 0 14 14 18
36 42 4 0 65 0 28 0 6 12 32 16 12 0 8 24 58 0 14 4 0 0 0 63 0 18 0 6 54 0 81 0 63 111 0 72 0 16 48 72 18 9 0 0 12 42 0 72 120 54 0 71 63 0 0 0 24 4 112 12 36 0 48 32
0 4 24 0 72 28 0 48 0 6 0 0 3 14 0 9 12 0 32 63 0 0 63 4 59 0 6 32 0 16 0 48 47 0 0 0 5 3 0 3 21 12 0 0 0 3 0 0 0 0 2 0 0 19 8 24 5 8 2 0 19 30 48 0
20 25 8 0 0 32 0 4 56 8 0 0 0 0 32 0 0 0 0 104 30 0 75 0 0 0 48 16 15 32 0 24 64 0 56 15 16 0 10 0 59 0 0 9 0 35 70 34 0 32 0 0 0 72 2 0 4 14 56 68 37 2 0 6
0 0 0 4 0 24 0 0 30 0 0 0 12 72 24 0 0 0 36 24 24 0 0 0 0 0 16 0 0 0 0 0 58 0 0 0 12 79 0 0 0 0 81 32 72 0 0 24 42 0 0 24 16 48 0 30 0 18 24 54 20 0 0 0
0 7 2 0 50 6 40 0 3 0 40 0 30 36 25 0 10 10 17 0 0 0 0 0 63 0 3 0 9 0 0 18 21 0 0 29 0 0 8 16 9 16 35 44 2 0 5 0 0 7 0 10 0 0 0 12 0 0 21 0 6 15 25 0
12 22 0 0 5 0 0 0 0 0 0 0 0 0 0 0 0 0 0 0 18 0 0 0 0 0 0 48 18 0 0 0 0 0 0 18 0 0 14 0 21 0 0 0 2 0 0 0 0 7 0 6 0 0 0 0 0 0 9 0 6 0 1 0
0 28 0 0 0 8 0 0 54 78 12 0 21 0 29 0 63 0 0 8 56 0 0 0 0 0 0 21 0 0 0 0 51 35 0 0 39 0 0 0 0 0 0 0 0 0 0 8 0 0 0 0 0 16 84 0 35 0 0 10 0 0 54 0
90 67 6 0 18 67 0 12 18 48 50 0 42 0 29 9 112 3 6 4 42 36 3 0 0 35 0 8 21 0 53 0 68 0 0 43 42 0 39 32 49 0 0 0 10 0 0 4 0 0 0 0 35 8 91 0 56 2 0 5 21 0 0 0
20 60 56 8 33 115 105 0 0 0 10 0 32 28 63 90 12 64 21 63 33 66 74 0 72 0 53 0 88 0 13 48 56 0 0 141 45 18 58 72 44 54 54 0 10 0 63 16 81 35 134 30 19 3 45 32 0 0 45 0 30 49 69 110
72 0 12 14 44 0 130 36 18 0 0 24 32 105 63 48 51 0 82 0 0 48 0 64 0 32 0 0 49 0 7 0 0 0 0 56 0 0 14 0 54 0 0 16 0 30 76 16 0 0 86 24 0 64 0 32 0 12 48 24 18 0 63 0
50 0 57 0 3 15 16 0 18 28 20 0 0 0 0 78 49 31 10 0 32 0 4 16 27 0 20 0 0 16 72 0 32 0 0 115 30 0 0 88 0 48 0 41 32 44 50 0 0 0 29 0 58 0 30 0 0 8 32 28 12 24 12 54
0 0 40 0 15 27 56 20 63 40 64 32 168 0 16 45 24 0 0 0 0 0 15 0 0 27 0 0 0 0 28 0 0 99 0 21 0 0 0 0 0 0 0 45 35 0 72 10 0 0 0 0 0 0 10 0 76 44 24 45 0 10 0 30
4 0 34 0 18 10 0 20 0 18 0 0 0 0 15 7 24 12 54 8 0 27 6 0 45 21 29 8 0 0 9 30 39 0 0 2 5 42 15 5 0 0 0 25 1 0 0 4 0 0 0 0 31 0 4 20 8 2 4 0 30 29 40 24
0 0 21 0 63 0 0 42 0 21 0 8 0 6 0 0 12 0 0 0 24 32 0 0 0 4 18 28 0 0 0 0 0 0 0 0 4 0 0 27 1 0 7 12 24 18 0 32 0 0 0 4 0 0 0 32 64 7 0 0 0 0 0 16
3 10 0 10 72 20 39 0 35 0 80 4 82 0 42 5 18 18 18 47 0 0 29 0 0 0 36 10 0 25 8 15 65 0 35 36 16 0 0 4 9 0 63 0 0 3 39 20 5 20 0 0 40 43 0 30 0 1 2 25 10 0 0 0
28 0 18 0 7 82 21 0 0 15 24 12 9 63 21 0 18 18 0 0 0 0 25 18 18 0 15 30 0 0 78 54 28 0 25 24 0 0 0 78 0 8 0 14 0 0 0 0 0 0 23 0 49 0 0 30 0 3 0 8 45 16 20 0
0 20 12 20 69 0 12 0 72 30 35 0 63 14 18 30 101 7 114 0 0 0 7 0 5 0 24 0 14 84 2 0 65 42 0 48 25 3 4 3 54 27 0 0 0 0 0 0 0 0 28 24 70 27 36 48 25 0 58 0 9 0 36 0
0 54 40 0 72 0 42 48 81 35 0 0 81 35 20 14 58 43 32 0 40 36 0 28 14 34 15 95 49 79 36 0 9 27 0 27 0 0 20 54 0 15 0 55 85 30 0 24 33 42 108 9 32 12 0 0 72 8 0 0 0 0 33 16
24 0 0 0 41 0 0 0 0 0 16 0 10 0 5 0 52 4 144 0 0 72 0 0 0 7 24 0 0 16 54 0 24 30 0 74 0 42 5 93 0 12 14 0 0 0 0 0 0 0 0 0 42 12 0 0 0 0 40 0 30 0 0 0
0 0 0 0 0 0 49 0 42 0 56 28 48 63 14 0 4 0 0 0 12 0 0 0 0 0 0 0 0 0 12 0 0 0 0 9 0 3 0 0 0 0 0 28 15 44 16 0 21 0 0 12 0 0 0 9 24 23 85 44 24 0 0 0
68 56 0 0 0 0 0 0 0 24 0 0 84 0 0 0 36 0 16 0 48 36 0 0 0 0 0 0 24 8 81 0 56 0 0 42 20 0 16 45 56 6 0 0 0 0 0 0 0 0 0 0 63 69 28 0 20 0 0 0 0 0 0 0
0 0 0 0 5 0 0 0 0 15 0 0 0 0 15 63 2 0 0 0 0 0 25 0 35 0 15 30 0 0 15 0 0 0 25 0 0 21 0 56 0 0 0 0 0 12 4 0 0 0 0 0 0 0 7 30 0 4 30 8 69 0 20 0
12 15 15 0 45 3 63 30 63 42 14 0 9 0 0 5 0 0 0 28 18 0 0 0 0 3 0 20 9 0 0 0 0 9 0 9 0 14 6 56 21 0 0 0 0 0 8 0 63 0 42 0 0 0 0 0 0 9 0 5 0 0 63 0
0 0 0 0 0 8 0 0 87 0 0 0 0 7 0 0 8 0 0 0 0 0 0 2 0 0 56 12 0 64 0 24 0 0 42 40 0 0 0 0 0 0 0 0 0 23 48 0 0 24 21 0 5 0 0 0 0 6 24 12 26 0 30 0
0 7 27 0 8 55 0 0 72 28 45 0 72 35 0 27 43 36 0 0 32 0 9 10 0 0 12 0 9 0 32 30 0 0 0 48 0 40 8 36 0 0 72 16 138 24 0 0 0 7 26 6 0 0 0 0 64 16 9 12 31 24 1 0
27 54 14 0 35 0 0 0 21 21 45 0 0 0 15 108 24 9 49 7 0 0 18 0 45 21 54 0 0 0 72 0 0 0 0 0 0 55 15 27 63 0 0 0 0 27 0 0 45 21 0 28 0 0 9 0 42 0 36 0 81 0 42 56
16 20 0 0 0 0 0 0 0 35 0 0 0 0 0 0 20 0 0 0 64 0 0 0 0 0 15 0 12 0 0 0 0 0 0 12 0 0 8 45 28 0 0 20 40 30 0 0 0 0 0 0 0 0 0 0 0 0 0 0 0 0 0 0
0 0 40 0 0 0 0 20 0 40 0 0 56 0 0 0 0 0 0 63 0 28 78 0 0 0 0 18 0 0 0 0 0 0 0 0 0 0 0 0 21 0 0 45 0 0 0 10 0 0 0 0 0 56 10 0 20 0 0 0 0 10 0 30
0 0 81 0 9 53 0 0 36 0 0 0 56 7 0 0 99 81 0 0 0 28 0 65 0 18 16 0 0 32 0 6 27 81 0 77 0 0 0 27 0 9 0 0 0 0 0 72 72 0 80 27 4 49 0 0 0 0 0 36 5 72 42 0
28 59 0 0 30 0 0 0 36 36 25 0 54 0 0 24 102 5 54 0 42 72 5 0 5 0 0 0 21 0 16 0 30 36 0 87 30 3 14 66 49 0 0 0 20 0 0 0 0 0 0 0 0 0 43 0 62 0 50 0 9 0 0 0
0 75 18 0 45 16 0 0 90 12 35 0 14 81 0 26 18 43 63 0 0 4 8 0 153 0 8 0 0 5 0 48 66 0 0 0 16 0 0 85 81 36 0 67 0 0 0 0 0 0 0 36 0 7 14 32 10 0 3 0 0 40 73 0
0 57 20 0 15 0 0 8 36 70 0 0 27 0 0 0 81 4 0 0 0 9 6 0 0 0 16 0 27 32 0 0 45 0 0 59 45 0 24 0 0 0 0 18 6 0 0 4 0 21 16 18 12 0 67 0 53 0 27 0 18 4 27 16
20 0 0 0 0 0 30 0 0 0 0 0 0 25 0 64 0 0 0 0 0 0 0 5 40 0 0 45 35 45 45 0 20 0 0 10 0 18 0 43 0 0 0 25 0 0 0 0 0 30 0 0 35 0 6 0 0 0 12 0 54 0 0 0
0 0 10 0 25 0 0 28 15 0 0 8 0 0 0 0 22 0 35 0 0 32 0 0 45 0 0 0 0 0 0 0 0 0 0 0 0 0 0 20 45 20 0 35 0 1 0 32 0 0 0 20 0 0 0 32 64 0 0 0 0 0 49 16
0 0 0 0 0 0 0 0 0 0 0 0 0 0 0 0 0 0 0 0 0 0 0 0 0 0 0 0 0 0 0 0 0 0 0 0 0 0 0 0 0 0 0 0 0 0 0 0 0 0 0 0 0 0 0 0 0 0 0 0 0 0 0 0
0 0 0 0 12 0 0 0 126 0 0 0 0 0 0 0 39 0 0 0 0 0 0 66 0 18 82 18 0 92 0 27 27 81 63 56 0 0 0 27 0 9 0 0 0 0 63 72 72 36 28 27 7 0 0 0 0 0 0 12 18 21 60 0
0 0 7 0 24 51 0 0 0 0 0 0 0 0 63 7 82 6 49 0 7 0 5 48 0 12 5 0 0 0 1 0 18 54 0 0 0 0 0 18 0 6 26 0 0 0 0 48 48 0 0 18 7 0 0 0 0 0 0 24 0 43 12 49
36 63 40 18 103 60 54 20 10 40 30 0 18 63 81 10 64 0 0 0 8 24 15 0 0 6 0 0 144 0 9 0 0 66 0 81 0 2 90 0 0 0 0 45 18 0 16 10 14 63 18 62 0 0 40 6 20 8 145 18 72 10 9 30
28 0 15 0 0 0 45 0 27 18 6 0 0 0 0 27 0 12 0 20 0 0 0 0 0 0 0 0 0 0 63 0 28 0 0 41 15 10 0 75 0 18 0 0 0 0 21 0 49 0 58 0 49 0 15 0 0 0 0 0 0 0 39 27
54 16 0 0 0 81 63 0 25 24 45 0 12 0 0 0 36 0 0 28 20 36 0 0 0 0 0 0 0 0 0 0 20 0 0 0 20 19 0 56 0 0 0 0 0 0 0 0 98 0 42 20 0 0 73 15 20 0 0 20 27 0 0 0
8 14 39 0 27 0 0 18 41 56 0 0 0 16 0 54 32 14 45 0 64 0 0 0 0 0 56 12 0 24 18 0 8 0 0 82 30 35 0 92 0 36 0 32 64 48 42 0 2 0 26 0 17 0 30 0 0 3 0 0 25 0 26 54
0 0 0 0 16 24 0 0 0 0 0 0 72 0 0 40 28 0 0 0 0 0 0 4 0 24 0 0 0 0 0 0 0 72 0 0 0 0 0 0 0 0 0 0 0 0 64 0 0 0 0 0 0 0 0 0 0 32 0 56 0 28 0 0
0 48 0 0 72 0 0 0 0 10 72 0 81 0 38 35 74 18 18 40 8 54 0 0 0 49 0 3 0 0 0 0 0 5 0 36 25 0 35 0 0 0 63 35 5 0 0 18 0 0 121 0 0 0 5 0 0 0 20 0 0 0 0 0
12 109 0 10 8 36 24 0 119 47 0 0 66 68 72 20 38 20 27 63 64 0 31 0 0 0 51 0 28 0 60 0 87 0 0 18 28 27 8 70 9 0 0 20 70 77 0 36 102 0 43 24 8 75 14 24 58 0 23 79 15 0 5 0
0 0 0 0 36 0 0 0 18 12 4 0 0 0 9 0 63 0 0 0 24 0 0 9 0 0 0 9 0 0 0 0 0 15 0 0 0 0 0 0 0 0 0 0 0 0 0 0 0 0 0 0 0 0 15 0 0 0 0 36 0 63 18 0
12 0 24 28 116 58 0 48 63 62 56 0 20 7 32 0 29 8 48 32 12 8 0 5 0 0 0 32 0 20 0 6 64 0 0 16 16 0 0 0 0 15 28 0 0 0 0 32 0 0 1 0 0 79 10 0 0 8 0 52 11 21 63 0
15 51 54 0 22 30 0 0 57 6 16 0 10 24 0 24 58 70 4 2 0 0 5 0 0 0 46 0 0 32 40 0 0 0 0 70 0 8 0 15 0 0 14 0 0 57 0 0 73 6 58 0 4 0 0 0 12 0 28 36 0 48 39 16
0 0 0 0 0 12 0 0 0 10 0 0 0 0 8 71 0 0 0 102 0 0 54 0 38 0 2 0 0 0 0 12 30 0 0 0 29 12 0 12 18 0 0 35 5 0 0 8 0 0 0 0 0 22 4 8 0 0 28 10 36 10 16 0
0 0 0 63 0 0 72 0 0 45 0 0 0 0 0 0 0 0 0 104 27 0 72 0 0 0 0 0 0 0 0 0 0 0 0 0 0 16 0 64 24 0 0 0 0 0 0 0 72 0 48 0 0 8 0 0 0 0 0 0 0 0 0 0
0 24 0 0 56 0 24 0 99 42 66 0 164 0 15 72 14 14 14 48 0 36 6 0 0 0 0 0 0 30 24 0 0 0 0 46 66 0 0 24 0 0 49 42 36 15 9 0 0 0 0 0 0 63 0 0 48 6 48 12 9 0 45 0
0 54 0 0 24 0 0 0 0 0 0 0 0 0 0 0 42 0 0 0 0 0 0 6 27 0 0 0 0 0 0 0 0 0 0 0 0 0 0 12 0 12 0 21 0 0 0 0 0 0 45 0 0 0 0 0 0 0 0 24 0 42 0 0
18 0 0 0 0 31 0 0 45 0 15 0 45 0 0 0 0 0 30 0 0 52 0 0 18 0 2 0 0 0 20 12 14 0 0 45 0 0 0 35 0 0 0 0 25 0 0 0 0 0 0 0 0 0 15 8 40 0 0 0 9 10 16 0
28 49 0 42 17 27 9 0 0 51 0 9 8 21 21 0 0 18 0 0 60 12 50 0 72 12 36 42 39 0 24 0 0 0 35 39 0 0 30 81 49 32 15 56 4 0 24 4 0 14 18 12 0 24 0 54 0 0 18 0 12 3 30 0
18 0 0 0 0 72 0 0 0 0 15 0 0 0 18 0 0 30 0 0 48 12 25 0 0 0 25 18 0 0 5 0 0 30 0 0 0 0 0 0 0 0 25 0 0 20 8 0 0 0 0 0 0 0 45 0 0 8 32 16 21 5 0 0
0 11 24 2 25 0 0 0 36 6 0 0 45 0 0 0 47 24 9 0 0 54 0 5 0 0 4 0 9 0 16 0 10 0 0 21 5 7 8 0 0 0 0 0 22 3 0 0 0 7 0 6 56 0 7 6 37 0 9 20 11 35 1 24
0 35 32 6 31 0 18 16 27 32 35 0 0 21 27 21 0 7 0 0 0 0 19 0 0 0 12 0 66 24 3 0 0 0 0 69 0 0 46 0 0 0 0 36 10 0 0 8 0 35 18 30 3 0 8 0 16 0 45 0 30 8 23 24
60 76 0 0 28 0 16 0 0 24 0 0 12 30 0 12 109 0 10 0 0 0 2 86 0 38 57 0 0 0 97 0 83 81 0 32 40 0 0 72 5 9 35 4 0 6 0 72 82 0 40 47 63 0 28 0 20 0 4 28 0 49 18 0
24 6 85 0 63 36 0 42 25 0 20 0 0 63 0 72 0 24 0 0 20 70 0 0 0 0 0 28 0 0 0 0 0 0 0 72 40 5 0 0 0 48 0 28 0 0 56 0 35 0 5 20 48 0 60 15 0 7 21 20 12 0 0 96
0 42 48 0 24 14 42 20 42 40 72 24 33 48 12 0 6 38 6 0 0 18 15 0 63 0 7 0 0 0 0 42 49 0 0 12 0 0 0 30 0 0 21 45 0 0 0 10 0 0 0 0 16 0 10 28 20 6 0 0 0 45 62 38
0 21 0 0 0 17 0 0 56 0 15 0 27 31 0 24 0 15 24 0 28 32 3 2 0 9 0 0 0 0 0 6 0 27 0 24 0 7 0 43 0 0 0 0 0 0 24 0 49 0 1 28 0 0 0 21 0 12 0 43 5 0 3 0
81 32 0 0 0 0 72 0 59 0 0 0 0 0 0 94 27 0 77 0 8 0 8 72 72 0 42 14 0 84 0 21 0 0 49 63 48 2 0 64 0 44 0 74 0 0 49 0 14 28 0 8 0 12 0 6 0 0 0 8 14 0 0 0
0 0 45 0 24 0 49 8 27 0 56 28 72 0 14 81 48 0 0 18 0 12 18 6 0 0 0 0 0 0 12 0 0 0 0 90 45 0 0 0 6 54 0 0 15 0 63 0 0 0 0 0 0 23 45 0 24 7 0 24 0 42 14 81
