1416 1435 1326 1386 1325 1181 1356 1454 1378 1322 1262 1252 1303 1384 1221 1364 1431 1299 1182 1290 1334 1071 1354 1185 1291 1290 1630 1388 1262 1350 1330 1584 1417 1373 1303 1432 1286 1212 1407 1251 1371 1323 1217 1343 1440 1296 1419 1197 1389 1509 1121 1350 1397 1250 1271 1192 1224 1355 1326 1378 1093 1288 1171 1067
1044 1071 1044 981 1118 963 1198 1069 925 1055 861 852 992 996 903 1036 1147 1040 886 1044 1003 914 928 1138 1039 1067 1203 1005 939 1072 950 1198 968 1068 959 1096 953 887 1028 962 960 1010 983 1028 1146 1158 1053 891 1100 1097 861 1027 1124 868 1012 734 886 924 967 1017 898 1094 809 800
1414 1330 1344 1353 1485 1185 1453 1468 1193 1399 1216 1118 1285 1285 1133 1391 1432 1337 1315 1238 1429 1107 1421 1300 1257 1279 1575 1268 1231 1257 1358 1604 1279 1357 1272 1218 1256 1251 1228 1287 1285 1231 1246 1337 1414 1285 1485 1187 1517 1352 1187 1329 1372 1236 1149 1127 1324 1382 1328 1357 1177 1334 1190 1221
1514 1291 1393 1297 1411 1271 1441 1327 1300 1256 1281 1279 1462 1183 1323 1198 1480 1323 1188 1308 1433 1157 1340 1203 1400 1424 1520 1295 1221 1369 1397 1580 1288 1217 1372 1376 1390 1242 1210 1411 1320 1368 1290 1338 1399 1284 1381 1320 1391 1358 1098 1400 1428 1279 1182 1076 1215 1275 1287 1364 1282 1281 1056 1060
1439 1271 1257 1246 1533 1371 1418 1367 1166 1340 1248 1146 1262 1197 1351 1316 1429 1344 1206 1172 1395 1096 1501 1279 1414 1218 1573 1380 1101 1356 1372 1579 1272 1334 1229 1398 1392 1252 1227 1329 1218 1406 1305 1374 1497 1259 1436 1380 1382 1271 1135 1297 1326 1087 1294 1153 1103 1313 1301 1318 1148 1344 1201 934
1547 1517 1342 1398 1516 1417 1532 1463 1326 1391 1366 1294 1403 1340 1409 1367 1654 1442 1296 1529 1520 1264 1508 1445 1500 1444 1749 1348 1305 1348 1544 1690 1502 1336 1457 1453 1436 1297 1469 1608 1338 1287 1336 1448 1512 1406 1405 1346 1495 1580 1293 1583 1431 1314 1285 1228 1311 1448 1581 1484 1204 1469 1231 1291
1388 1452 1415 1382 1629 1485 1619 1408 1266 1313 1336 1229 1460 1218 1320 1297 1483 1379 1196 1335 1429 1235 1535 1281 1387 1365 1654 1407 1174 1368 1473 1670 1409 1404 1395 1299 1520 1331 1377 1452 1331 1258 1349 1282 1587 1347 1509 1296 1374 1452 1324 1545 1542 1240 1220 1263 1355 1368 1419 1426 1178 1266 1191 1087
1243 1139 1287 1179 1391 1288 1349 1318 1127 1174 1087 1109 1185 1109 1188 1188 1401 1260 1041 1155 1319 1160 1313 1230 1159 1209 1506 1184 1060 1245 1234 1351 1217 1179 1230 1141 1172 1284 1093 1274 1180 1083 1036 1133 1332 1104 1359 1268 1358 1235 1038 1266 1299 1138 1111 999 1155 1366 1207 1289 1104 1273 1002 994
1327 1320 1304 1140 1396 1311 1277 1350 1185 1290 1279 1211 1319 1272 1180 1261 1345 1212 1277 1190 1269 1126 1465 1178 1277 1294 1493 1196 993 1300 1315 1415 1198 1212 1269 1239 1356 1199 1176 1384 1209 1227 1151 1281 1272 1217 1444 1258 1306 1291 1136 1318 1321 1093 1161 1178 1324 1179 1342 1274 1164 1153 972 1121
1389 1403 1298 1294 1568 1426 1521 1394 1283 1277 1319 1205 1424 1349 1312 1470 1560 1430 1168 1223 1469 1240 1341 1354 1374 1461 1567 1360 1219 1329 1458 1681 1316 1446 1319 1324 1308 1321 1312 1291 1350 1272 1313 1282 1339 1330 1371 1281 1403 1429 1269 1464 1505 1273 1253 1206 1315 1367 1438 1365 1248 1392 1198 1188
1420 1441 1286 1109 1573 1175 1367 1297 1325 1270 1142 1087 1144 1283 1192 1211 1324 1298 1363 1200 1380 1187 1454 1290 1262 1171 1586 1286 1186 1291 1402 1430 1213 1180 1320 1255 1242 1208 1324 1414 1116 1232 1178 1279 1378 1313 1467 1256 1338 1311 1123 1304 1335 1229 1146 1281 1212 1284 1278 1366 1117 1364 1039 1025
1333 1313 1214 1259 1416 1180 1189 1439 1190 1295 1275 1120 1204 1279 1237 1306 1421 1339 1055 1166 1339 1150 1326 1237 1072 1249 1448 1207 1105 1321 1397 1544 1336 1234 1277 1321 1255 1085 1328 1241 1209 1153 1252 1264 1424 1116 1417 1174 1187 1419 1000 1346 1371 1189 1145 1083 1180 1379 1312 1413 1134 1257 1180 1001
1528 1410 1439 1545 1540 1427 1613 1573 1449 1400 1373 1358 1515 1411 1363 1337 1696 1484 1297 1432 1484 1302 1533 1479 1379 1487 1761 1432 1340 1432 1531 1576 1522 1403 1400 1475 1337 1389 1436 1416 1549 1367 1336 1410 1582 1366 1488 1442 1511 1517 1158 1535 1749 1453 1372 1224 1422 1434 1375 1552 1390 1492 1101 1241
1296 1250 1263 1168 1305 1202 1319 1273 1195 1282 1184 1180 1240 1178 1099 1148 1514 1070 1257 1131 1167 998 1377 1072 1204 1233 1474 1321 1145 1209 1148 1329 1272 1187 1119 1248 1167 1181 1207 1265 1256 1158 1136 1409 1266 1118 1303 1089 1268 1152 1034 1318 1276 1177 1134 1155 1265 1146 1236 1249 1235 1303 978 1103
1536 1417 1216 1256 1495 1342 1449 1416 1250 1364 1337 1076 1288 1455 1333 1454 1549 1429 1153 1216 1311 1256 1434 1368 1371 1275 1618 1270 1170 1372 1487 1676 1394 1355 1274 1516 1359 1209 1229 1305 1308 1380 1234 1416 1488 1265 1497 1307 1410 1380 1171 1475 1492 1198 1336 1117 1153 1427 1444 1362 1135 1426 1245 1029
1391 1324 1265 1188 1304 1271 1477 1318 1177 1134 1151 1098 1288 1210 1217 1240 1511 1195 1130 1227 1206 1132 1272 1232 1250 1290 1525 1310 1155 1267 1314 1350 1267 1114 1263 1259 1148 1214 1211 1258 1102 1129 1199 1284 1315 1239 1328 1173 1363 1256 1108 1328 1316 1165 1107 1004 1096 1217 1194 1216 1117 1352 924 1128
1364 1175 1123 1213 1252 1184 1277 1256 1115 1042 1076 1056 1234 1182 1111 1180 1255 1192 953 1184 1241 1072 1243 1174 1144 1222 1416 1086 905 1168 1255 1356 1087 1095 1136 1206 1220 1113 1101 1242 1011 1112 1105 1122 1264 1243 1205 1261 1187 1220 1058 1190 1170 976 1088 989 1110 1105 1277 1163 1001 1153 917 949
1393 1380 1301 1297 1578 1339 1367 1304 1351 1291 1359 1223 1351 1275 1249 1282 1464 1314 1173 1220 1336 1180 1362 1327 1361 1369 1640 1291 1266 1286 1337 1502 1308 1454 1357 1400 1377 1337 1213 1338 1418 1272 1170 1330 1390 1234 1394 1218 1297 1330 1219 1537 1502 1218 1317 1235 1323 1354 1409 1432 1189 1300 1101 1016
1350 1295 1251 1201 1489 1272 1222 1318 1166 1145 1224 1088 1315 1230 1158 1254 1445 1193 1264 1315 1224 1080 1323 1242 1318 1252 1414 1203 1162 1314 1279 1379 1150 1215 1263 1287 1265 1127 1243 1319 1128 1262 1243 1270 1343 1347 1311 1152 1305 1217 1133 1330 1325 1044 1106 1083 1165 1123 1382 1279 1164 1285 1083 1074
1487 1388 1258 1364 1525 1405 1395 1438 1208 1116 1126 1095 1262 1224 1166 1273 1501 1366 1253 1290 1424 1077 1339 1249 1264 1299 1507 1327 1144 1402 1392 1461 1300 1287 1351 1237 1286 1364 1287 1258 1204 1323 1162 1285 1343 1271 1310 1276 1351 1508 1116 1206 1337 1166 1086 1186 1135 1383 1392 1263 1121 1440 1139 1120
1264 1466 1275 1297 1416 1088 1303 1429 1297 1261 1207 1201 1294 1243 1190 1263 1371 1198 1107 1236 1412 1137 1202 1198 1220 1206 1556 1274 1212 1165 1396 1526 1252 1319 1364 1235 1234 1328 1386 1338 1197 1267 1243 1340 1397 1225 1521 1224 1325 1372 1141 1375 1379 1209 1173 1148 1185 1337 1288 1370 1102 1261 1243 1073
1501 1574 1336 1495 1638 1395 1576 1503 1427 1402 1194 1247 1366 1378 1211 1397 1604 1358 1285 1445 1415 1176 1473 1454 1307 1473 1703 1365 1308 1374 1437 1613 1429 1389 1393 1450 1441 1421 1379 1479 1343 1304 1365 1451 1683 1518 1520 1351 1433 1370 1280 1497 1449 1214 1340 1267 1391 1360 1416 1482 1240 1439 1182 1231
1447 1344 1435 1394 1458 1293 1472 1440 1298 1402 1359 1296 1466 1236 1444 1310 1635 1423 1286 1303 1588 1229 1416 1453 1432 1462 1583 1305 1258 1412 1391 1589 1414 1383 1382 1413 1411 1361 1303 1417 1305 1362 1369 1220 1556 1401 1486 1471 1440 1393 1184 1412 1545 1230 1263 1215 1325 1212 1317 1445 1258 1304 1071 1187
1439 1376 1360 1352 1590 1266 1518 1460 1281 1317 1253 1173 1335 1359 1347 1308 1625 1320 1279 1247 1424 1206 1566 1374 1281 1394 1620 1316 1116 1322 1435 1422 1279 1251 1410 1244 1422 1311 1291 1437 1184 1337 1270 1383 1427 1304 1472 1488 1349 1422 1170 1451 1457 1289 1222 1208 1305 1349 1342 1344 1306 1320 1074 1115
1387 1380 1316 1236 1520 1274 1318 1386 1353 1233 1166 1207 1251 1313 1291 1433 1384 1300 1242 1233 1490 1033 1344 1361 1243 1444 1573 1284 1140 1281 1398 1509 1242 1288 1282 1386 1268 1351 1228 1268 1237 1260 1218 1272 1361 1338 1393 1257 1347 1280 1069 1278 1451 1169 1244 1186 1259 1279 1354 1339 1135 1388 1071 1077
1493 1432 1269 1379 1489 1326 1507 1516 1305 1338 1281 1184 1371 1287 1297 1354 1557 1317 1220 1274 1454 1239 1530 1412 1339 1363 1634 1397 1254 1466 1440 1560 1339 1364 1393 1358 1319 1269 1292 1332 1315 1369 1281 1353 1347 1302 1511 1311 1361 1506 1095 1244 1461 1317 1293 1238 1271 1269 1326 1434 1366 1416 1022 1123
1541 1493 1395 1403 1532 1267 1391 1513 1356 1276 1250 1321 1395 1290 1287 1200 1461 1439 1247 1380 1428 1272 1400 1403 1360 1384 1692 1347 1216 1407 1494 1558 1357 1381 1474 1177 1329 1414 1354 1539 1296 1375 1133 1340 1457 1342 1468 1421 1391 1513 1226 1376 1461 1351 1281 1195 1246 1290 1446 1326 1281 1384 1053 1085
1383 1186 1178 1196 1495 1259 1329 1214 1251 1132 1187 1033 1345 1132 1211 1211 1381 1316 1080 1228 1327 1031 1228 1259 1269 1152 1439 1075 1129 1189 1353 1414 1267 1271 1267 1264 1080 1076 1112 1222 1282 1104 1165 1155 1359 1071 1268 1149 1352 1249 1061 1224 1418 1207 1082 1039 1135 1288 1283 1180 1204 1206 1102 1027
1352 1306 1251 1236 1429 1203 1394 1343 1272 1236 1093 1175 1245 1200 1177 1325 1321 1204 1113 1232 1267 1189 1313 1387 1295 1172 1537 1178 1142 1252 1350 1480 1255 1249 1182 1233 1213 1110 1090 1208 1077 1076 1191 1356 1307 1248 1507 1101 1324 1286 1221 1335 1398 1113 1246 1110 1194 1141 1277 1235 1165 1263 1093 1057
1409 1366 1236 1256 1404 1204 1285 1384 1227 1364 1159 1205 1320 1221 1077 1190 1415 1294 1333 1238 1352 1165 1323 1284 1273 1189 1460 1181 1154 1402 1347 1458 1259 1319 1398 1297 1261 1211 1207 1383 1177 1181 1113 1428 1378 1172 1510 1109 1403 1367 1149 1212 1427 1145 1217 1173 1228 1246 1269 1334 1304 1350 1010 1068
1409 1318 1247 1118 1378 1309 1479 1346 1160 1275 1279 1068 1403 1225 1321 1244 1528 1326 1088 1073 1400 1178 1334 1153 1275 1375 1482 1245 1195 1289 1291 1439 1244 1187 1318 1349 1362 1333 1221 1255 1294 1323 1185 1223 1266 1194 1393 1346 1308 1245 934 1297 1423 1180 1109 1185 1309 1316 1327 1438 1091 1315 1060 1046
1338 1350 1178 1497 1466 1336 1461 1382 1222 1216 1204 1094 1361 1210 1325 1329 1465 1352 1137 1302 1425 1114 1463 1306 1239 1230 1433 1235 1090 1317 1471 1588 1366 1305 1350 1274 1293 1348 1342 1253 1283 1279 1204 1268 1449 1230 1339 1341 1394 1434 1176 1271 1358 1213 1188 1202 1275 1319 1300 1294 1309 1271 1125 1107
1324 1276 1409 1320 1558 1283 1438 1501 1350 1324 1237 1236 1281 1156 1232 1382 1477 1322 1277 1291 1479 1165 1454 1425 1290 1268 1724 1299 1144 1234 1411 1582 1312 1289 1261 1392 1207 1264 1371 1306 1351 1291 1359 1337 1474 1368 1346 1144 1408 1368 1198 1392 1448 1269 1297 1160 1270 1259 1329 1358 1176 1354 1141 1077
1495 1521 1322 1311 1523 1348 1404 1467 1346 1284 1245 1233 1403 1380 1347 1360 1456 1262 1231 1348 1339 1265 1487 1362 1380 1326 1615 1277 1325 1411 1447 1581 1437 1308 1481 1364 1355 1221 1364 1387 1264 1328 1236 1496 1365 1422 1544 1229 1404 1466 1366 1496 1445 1237 1341 1230 1146 1405 1556 1480 1247 1406 1255 1147
1256 1144 1209 1110 1176 1266 1334 1320 1090 1198 1198 1004 1223 1141 1236 1192 1326 1108 1096 1064 1276 1007 1327 1145 1110 1161 1389 1175 1104 1225 1184 1339 1259 1107 1163 1213 1173 1175 1162 1089 1249 1231 1081 1026 1082 1071 1213 1316 1218 1201 922 1153 1316 1209 1093 1031 1086 1119 1167 1252 1021 1036 926 975
1207 1272 1104 1220 1291 964 1215 1266 1107 1146 1054 1106 1123 1240 987 1082 1310 1189 1021 1173 1103 1148 1068 1210 1047 1144 1406 1047 985 1128 1205 1240 1146 1230 1184 1179 1074 1044 1236 1258 1129 1045 1059 1290 1257 1150 1207 1021 1168 1255 1066 1246 1211 1070 1114 1055 1059 1147 1201 1166 1188 1217 906 1045
1448 1387 1341 1388 1401 1246 1361 1327 1128 1341 1099 1203 1268 1274 1105 1152 1328 1355 1268 1323 1344 1159 1353 1330 1235 1329 1538 1285 1072 1294 1252 1419 1392 1299 1222 1325 1188 1208 1349 1361 1186 1178 1155 1360 1394 1246 1466 1271 1326 1284 1147 1214 1379 1080 1214 1180 1234 1238 1313 1328 1245 1438 936 1187
1296 1345 1261 1093 1493 1244 1372 1296 1233 1367 1332 1160 1266 1316 1349 1377 1521 1274 1278 1190 1456 1114 1421 1294 1334 1207 1502 1269 1204 1212 1438 1464 1217 1282 1254 1352 1244 1165 1218 1363 1232 1166 1289 1312 1409 1127 1388 1276 1354 1151 1103 1535 1360 1144 1215 1116 1359 1324 1267 1397 1082 1218 1171 1160
1292 1198 1165 1207 1329 1330 1401 1252 1093 1107 1119 960 1268 1046 1193 1196 1424 1117 1179 1151 1118 930 1231 1109 1227 1154 1363 1218 1186 1205 1256 1351 1151 1090 1201 1137 1207 1102 1107 1102 1225 1142 1131 1254 1280 1167 1253 1126 1331 1272 974 1242 1255 1113 1013 987 1182 1169 1240 1196 1044 1105 1052 963
1216 1295 1196 1110 1389 1190 1274 1272 1083 1223 1131 1025 1142 1130 1133 1218 1323 1082 1192 1192 1230 1067 1313 1220 1155 1143 1442 1248 1068 1170 1244 1320 1194 1136 1210 1080 1176 1217 1012 1340 1178 1198 1008 1255 1212 1143 1472 1218 1186 1081 936 1253 1275 1191 1057 962 1244 1056 1189 1263 1144 1151 1003 983
1342 1371 1347 1143 1544 1240 1344 1464 1221 1262 1389 1215 1341 1257 1208 1215 1436 1290 1257 1275 1360 1158 1370 1308 1177 1359 1682 1248 1189 1258 1412 1502 1339 1301 1375 1271 1303 1209 1280 1462 1404 1172 1275 1216 1363 1253 1430 1170 1389 1286 1051 1313 1482 1361 1153 1198 1352 1215 1381 1398 1279 1290 1125 1186
1238 1195 1247 1028 1315 1129 1247 1195 1147 1223 1274 1121 1286 1105 1192 1169 1388 1186 1125 1074 1300 1153 1293 1217 1329 1069 1354 1038 1204 1246 1238 1326 1185 1149 1213 1151 1186 1142 1071 1299 1101 1154 1065 1227 1194 1106 1360 1144 1226 1148 1081 1372 1375 1160 1186 1098 1155 1108 1240 1189 1212 1231 889 988
1292 1245 1283 1246 1371 1195 1286 1290 1218 1135 1165 1118 1263 1033 1207 1233 1303 1137 1081 1180 1375 1067 1305 1161 1278 1061 1457 1278 1106 1165 1242 1434 1162 1182 1281 1205 1191 1238 1153 1289 1244 1146 1185 1192 1299 1131 1372 1260 1367 1206 980 1272 1354 1189 1074 1131 1232 1194 1233 1254 1134 1194 965 911
1501 1420 1354 1285 1432 1331 1434 1379 1233 1238 1339 1174 1435 1331 1332 1281 1526 1325 1252 1193 1238 1170 1403 1251 1415 1376 1498 1400 1284 1441 1405 1580 1366 1225 1282 1352 1222 1207 1287 1270 1347 1357 1253 1253 1369 1353 1503 1203 1324 1306 1204 1322 1432 1163 1306 1091 1161 1230 1363 1394 1213 1331 1085 1068
1224 1202 1082 1150 1187 1109 1171 1290 1098 1280 1188 1090 1085 1068 1169 1233 1368 1203 1003 1125 1385 965 1210 1211 1197 1245 1399 1174 1104 1078 1238 1470 1267 1216 1118 1269 1228 1115 1196 1262 1131 1087 1172 1224 1227 1142 1130 1161 1189 1307 998 1319 1238 1138 1031 1026 1085 1203 1170 1242 1049 1165 1059 1109
1626 1388 1378 1564 1619 1553 1568 1600 1364 1413 1322 1330 1451 1415 1344 1532 1712 1394 1315 1381 1471 1214 1554 1510 1403 1475 1701 1502 1337 1519 1517 1709 1523 1457 1365 1413 1370 1408 1323 1304 1417 1350 1464 1459 1491 1435 1511 1451 1423 1531 1294 1466 1607 1362 1434 1284 1300 1537 1537 1538 1321 1441 1210 1244
1470 1323 1290 1274 1289 1313 1333 1302 1166 1237 1350 1191 1327 1257 1367 1287 1386 1351 1162 1315 1374 1166 1371 1274 1424 1197 1523 1251 1216 1367 1426 1518 1345 1278 1308 1336 1237 1233 1220 1390 1298 1185 1235 1281 1282 1160 1393 1317 1422 1332 1051 1372 1432 1296 1173 1129 1173 1359 1366 1335 1214 1353 1036 1148
1271 1179 1059 1110 1196 1236 1267 1183 1045 1020 1070 1070 1190 1115 1075 1015 1237 1186 1030 1054 1200 1073 1297 1101 1129 1202 1337 1227 938 1146 1183 1344 1211 1054 1166 1073 1189 1007 1157 1195 1163 1044 1025 1100 1156 1069 1179 1133 1224 1296 1113 1186 1166 1052 1046 1074 1014 1071 1132 1167 1068 1117 782 1003
1248 1359 1133 1123 1362 1223 1260 1240 1049 1096 1229 956 1236 1187 1182 1156 1419 1188 1120 1021 1222 1067 1308 1177 1293 1266 1390 1191 1058 1173 1180 1377 1287 1167 1207 1176 1210 1173 1060 1213 1236 1275 1078 1200 1122 1073 1381 1261 1161 1278 906 1197 1361 1209 1036 1031 1242 1145 1248 1195 1122 1264 956 1056
1336 1392 1338 1244 1481 1272 1461 1453 1150 1278 1158 1124 1354 1216 1277 1332 1529 1218 1179 1062 1371 1095 1374 1233 1314 1326 1448 1222 1210 1411 1278 1531 1246 1249 1281 1291 1327 1263 1184 1221 1274 1296 1295 1296 1249 1299 1423 1194 1299 1363 1166 1299 1251 1102 1216 1161 1090 1367 1358 1361 1198 1311 1111 1140
1347 1184 1278 1217 1404 1188 1316 1255 1248 1126 1087 1090 1277 1170 1132 1125 1304 1208 1134 1179 1247 976 1167 1180 1285 1178 1432 1258 1091 1200 1120 1395 1187 1261 1223 1181 1228 1097 1056 1143 1239 1176 1090 1191 1395 1155 1363 1138 1310 1328 984 1199 1413 1153 1077 1034 1094 1112 1192 1201 1118 1213 957 891
1492 1584 1359 1328 1590 1458 1555 1525 1391 1461 1287 1291 1480 1432 1330 1458 1611 1406 1345 1360 1468 1295 1444 1368 1430 1368 1670 1384 1279 1442 1438 1645 1501 1386 1398 1526 1338 1282 1465 1415 1396 1345 1317 1450 1559 1403 1582 1311 1566 1425 1197 1514 1635 1223 1407 1239 1344 1359 1395 1505 1256 1488 1209 1081
1525 1496 1382 1392 1673 1443 1635 1538 1411 1558 1478 1332 1465 1406 1440 1432 1663 1553 1259 1333 1514 1236 1636 1433 1476 1432 1701 1399 1303 1450 1561 1759 1520 1395 1477 1475 1458 1319 1447 1459 1480 1294 1491 1316 1597 1366 1518 1455 1552 1545 1205 1489 1543 1279 1315 1377 1379 1534 1518 1552 1279 1407 1245 1229
1330 1443 1105 1269 1443 1307 1370 1290 1275 1117 1091 1036 1263 1201 1086 1154 1450 1211 1092 1168 1263 1097 1267 1181 1159 1111 1423 1229 1081 1247 1293 1362 1233 1249 1400 1177 1227 1219 1251 1264 1235 1112 1032 1343 1379 1123 1391 1112 1267 1342 1169 1331 1380 1150 1221 1165 1197 1304 1268 1195 1232 1297 979 1070
1233 1105 1081 1013 1140 984 1265 1122 1024 1061 1119 1017 1083 1063 1092 1105 1130 1141 996 998 1280 1052 1183 1064 1109 965 1322 1228 1121 1175 1249 1298 1035 1117 1192 1048 1131 1058 1036 1129 1071 1020 1043 1109 1119 1089 1327 1200 1359 1134 961 1098 1140 1072 896 1090 1005 1020 1045 1209 1107 1058 884 1004
1296 1288 1161 1030 1381 1159 1300 1269 1122 1227 1150 1095 1150 1176 1118 1268 1399 1145 1091 1068 1272 1056 1166 1266 1252 1305 1477 1219 1093 1100 1246 1399 1222 1115 1149 1246 1186 1178 1172 1247 1090 1177 1171 1282 1216 1129 1359 1053 1313 1210 1026 1267 1329 1078 1245 1053 1119 1277 1139 1162 1049 1340 983 1010
1432 1389 1415 1177 1325 1260 1344 1386 1286 1246 1305 1131 1320 1369 1278 1186 1414 1236 1158 1250 1363 1218 1416 1261 1201 1191 1479 1201 1081 1384 1397 1468 1296 1227 1374 1367 1407 1120 1313 1354 1175 1224 1150 1229 1360 1184 1573 1384 1407 1464 1128 1374 1487 1266 1166 1146 1252 1298 1362 1217 1150 1235 1069 1111
1219 1236 1216 1151 1418 1139 1337 1262 1089 1234 1188 1065 1212 1169 1185 1229 1466 1203 997 1164 1242 1048 1207 1220 1119 1195 1441 1252 998 1187 1278 1409 1302 1205 1200 1273 1158 1175 1167 1258 1176 1129 1216 1321 1458 1213 1421 1165 1306 1263 1015 1266 1266 1117 1097 994 1119 1254 1197 1202 1208 1269 1091 1025
1362 1303 1140 1279 1543 1269 1323 1402 1193 1189 1069 1210 1273 1124 1083 1189 1335 1367 1055 1238 1391 1189 1274 1258 1171 1312 1451 1312 1054 1138 1237 1357 1266 1290 1417 1231 1351 1150 1349 1427 1165 1172 1102 1307 1488 1228 1279 1232 1323 1312 1163 1331 1362 1134 1091 1121 1188 1273 1178 1243 1265 1229 969 1070
1206 1204 1190 1242 1387 1069 1275 1298 1083 1230 1124 1132 1125 1085 1036 1166 1228 1294 1032 1192 1454 1082 1260 1144 1111 1205 1415 1190 1047 1192 1310 1533 1238 1265 1251 1246 1240 1132 1251 1197 1152 1149 1191 1168 1284 1214 1312 1058 1268 1297 1131 1178 1199 1064 1076 1093 980 1279 1193 1270 1123 1240 1013 1042
1530 1455 1338 1336 1416 1276 1402 1424 1249 1337 1261 1155 1339 1317 1405 1401 1415 1308 1278 1255 1384 1258 1425 1324 1289 1199 1584 1382 1253 1421 1506 1656 1456 1245 1357 1359 1137 1363 1307 1370 1198 1287 1260 1461 1372 1375 1624 1306 1403 1312 1194 1316 1372 1268 1256 1158 1111 1296 1424 1434 1310 1413 1141 1120
1396 1318 1249 1231 1521 1229 1546 1351 1204 1344 1174 1137 1288 1300 1183 1321 1335 1379 1200 1203 1331 1272 1313 1345 1225 1257 1559 1161 1112 1295 1258 1396 1377 1220 1358 1270 1260 1230 1276 1320 1177 1146 1293 1244 1364 1370 1448 1233 1404 1301 1097 1257 1421 1169 1220 1247 1285 1299 1177 1381 1162 1268 984 1108
1299 1243 1141 1266 1221 1088 1253 1353 1074 1094 1037 1080 1205 1149 1029 1117 1431 1174 1085 1144 1280 1062 1302 1257 1090 1310 1457 1172 1072 1251 1225 1335 1161 1122 1319 1031 1122 1198 1116 1250 1174 1152 1037 1178 1204 1140 1292 1156 1158 1261 1045 1173 1359 1136 1145 930 1199 1213 1316 1323 1039 1205 960 1081
1508 1510 1456 1359 1780 1500 1625 1564 1291 1484 1421 1219 1464 1403 1485 1534 1733 1515 1438 1304 1596 1335 1648 1591 1529 1589 1684 1467 1305 1527 1445 1676 1392 1454 1434 1436 1439 1435 1390 1614 1363 1513 1499 1439 1530 1524 1602 1536 1459 1522 1175 1504 1530 1421 1302 1237 1444 1487 1516 1507 1352 1515 1208 1272
