223 242 181 205 253 282 243 233 257 353 219 232 179 295 238 289
274 433 352 352 353 276 330 266 358 438 306 453 234 339 286 346
298 427 305 312 326 399 393 320 397 443 303 391 244 360 330 411
236 345 239 249 224 313 369 242 377 374 215 286 234 305 299 337
211 260 250 189 212 252 238 178 269 300 298 255 167 252 243 249
307 342 328 310 244 334 352 270 373 416 325 360 227 292 311 344
198 319 193 218 218 278 327 167 311 298 236 299 189 217 255 231
223 394 287 274 310 284 353 234 310 338 239 398 226 318 236 349
296 449 344 330 296 355 293 257 379 461 286 360 261 409 310 331
332 416 372 327 315 426 396 290 395 444 376 379 294 461 321 399
292 329 287 285 205 352 391 254 299 356 248 338 202 282 264 288
310 412 283 280 336 377 355 245 363 412 304 403 257 321 285 351
321 413 311 322 360 376 325 350 423 458 290 390 249 352 341 453
307 330 207 256 216 379 345 269 344 319 228 306 200 360 304 372
308 404 327 325 288 444 452 270 383 424 352 372 269 415 353 347
198 262 221 159 123 234 275 150 211 252 177 216 125 207 208 171
