1258 1105 1421 1129 1228 1286 1373 1277 1417 1111 1196 1362 1267 1340 1137 1184 1280 1181 1036 1085 1354 1125 1066 1277 1327 1252 1113 1323 1098 1190 1390 1236 1261 1337 1135 1418 1302 1236 1384 1325 1258 1456 1057 980 1433 1194 1406 1357 1247 1423 1227 1057 1206 1036 1062 1198 1251 1293 1128 1122 1460 1244 1268 1404
1246 949 1320 971 1038 1038 1184 1147 1363 1050 1121 1141 1095 1134 1111 1008 1124 984 985 1177 1112 960 998 1137 1146 1333 1170 1101 1023 1154 1185 1232 1086 1257 1076 1266 1131 1055 1226 1112 1079 1204 935 923 1211 1085 1317 1046 1188 1234 1162 1035 1083 961 1109 1036 1015 1176 1047 1009 1251 1166 1067 1324
1416 1171 1464 1136 1162 1439 1471 1326 1380 1095 1142 1373 1232 1203 1124 1206 1359 1180 1054 1115 1367 1143 1175 1139 1310 1270 1369 1271 1173 1317 1336 1263 1341 1470 1196 1374 1297 1286 1451 1327 1264 1426 1015 1086 1298 1189 1497 1318 1374 1368 1306 1142 1317 1059 1130 1249 1223 1485 1114 1224 1308 1234 1248 1414
1294 1179 1424 1067 1269 1452 1466 1173 1421 1192 1175 1473 1246 1297 1265 1218 1394 1069 947 1171 1399 1055 1075 1072 1293 1173 1210 1269 1111 1326 1291 1294 1226 1389 1178 1463 1351 1219 1472 1220 1249 1452 1016 1067 1381 1307 1346 1420 1236 1364 1306 1166 1155 1019 1142 1241 1339 1350 1244 1246 1390 1280 1188 1386
1316 1130 1391 1150 1180 1381 1361 1383 1373 1072 1203 1408 1248 1330 1056 1131 1288 1234 1154 1299 1227 1155 1221 1092 1358 1247 1426 1276 1167 1299 1311 1421 1308 1429 1186 1366 1329 1144 1418 1126 1220 1427 1108 1000 1330 1202 1511 1274 1268 1401 1253 1131 1314 1100 1178 1222 1251 1331 1152 1269 1387 1228 1208 1452
1536 1365 1650 1236 1349 1646 1614 1523 1649 1326 1461 1618 1532 1479 1519 1426 1520 1426 1203 1343 1549 1369 1206 1393 1463 1443 1426 1517 1282 1447 1626 1308 1405 1543 1432 1717 1530 1399 1584 1384 1418 1661 1265 1281 1548 1322 1679 1545 1569 1761 1478 1298 1508 1231 1261 1378 1381 1666 1417 1302 1574 1517 1508 1700
1554 1325 1621 1049 1348 1447 1558 1342 1454 1200 1377 1412 1285 1376 1342 1290 1253 1371 1225 1274 1344 1195 1140 1320 1404 1569 1319 1336 1279 1264 1399 1447 1381 1412 1338 1533 1487 1294 1391 1332 1277 1488 1058 1047 1451 1125 1514 1549 1367 1491 1375 1312 1233 1157 1223 1362 1378 1472 1278 1280 1339 1430 1252 1531
1278 1127 1548 1121 1144 1366 1314 1327 1406 1213 1229 1361 1246 1255 1165 1256 1284 1180 1073 1176 1170 1134 1147 1216 1348 1327 1342 1359 1117 1209 1386 1169 1252 1410 1207 1460 1352 1342 1325 1222 1208 1410 1112 949 1373 1112 1501 1230 1333 1475 1224 1112 1189 1081 1104 1271 1177 1364 1232 1053 1411 1256 1285 1503
1262 1208 1423 1099 1237 1211 1391 1163 1305 1013 1186 1306 1167 1194 1050 1138 1236 1138 987 1010 1358 1088 1056 1097 1288 1293 1244 1385 1146 1207 1219 1306 1258 1259 1137 1401 1306 1182 1425 1090 1257 1357 973 1132 1226 1204 1409 1247 1176 1355 1135 1062 1361 945 1214 1227 1193 1360 1068 1213 1266 1206 1211 1403
1245 1065 1233 1000 993 1258 1275 1189 1159 998 1101 1233 990 1200 1040 1051 1065 1115 906 890 1210 959 959 983 1184 1150 1051 1085 942 1027 1226 1042 1145 1214 1022 1108 1122 1133 1240 965 1074 1134 835 1005 1311 1072 1310 1055 1060 1283 1108 954 1155 1071 948 1018 1004 1204 1016 1123 1350 972 1070 1162
1211 968 1302 1120 1014 1298 1217 1218 1319 1085 1134 1210 1134 1098 1062 1050 1227 1242 1122 1188 1205 1024 1093 1184 1282 1281 1084 1221 1208 1180 1215 1226 1235 1335 1044 1296 1145 1181 1326 1107 1250 1282 942 1024 1220 1038 1368 1095 1210 1324 1076 1024 1118 970 1136 1193 995 1317 1225 1057 1247 1184 1086 1298
1257 1052 1380 1001 1112 1242 1386 1131 1334 1169 1169 1260 1140 1326 1187 1117 1136 1146 947 1194 1341 1011 944 1175 1285 1233 1204 1242 1141 1207 1357 1270 1242 1328 1052 1384 1253 1166 1398 1232 1185 1360 984 1004 1403 1187 1431 1132 1221 1214 1309 1112 1121 1087 1032 1248 1144 1336 1148 1165 1407 1257 1175 1309
1138 1000 1339 1037 1153 1115 1180 947 1232 1000 1199 1260 1166 1202 1070 1003 1059 1015 940 1099 1068 893 856 1005 1077 1116 1159 1118 1061 1202 1164 1177 1215 1180 956 1187 1198 1027 1194 1055 976 1272 1048 829 1180 1143 1214 1116 1103 1079 1200 1021 1013 990 1040 928 1026 1217 966 1011 1160 1192 1134 1252
1270 1160 1412 1224 1209 1368 1502 1252 1457 1090 1294 1580 1248 1405 1244 1193 1359 1147 907 1233 1402 1121 1089 1120 1177 1245 1279 1230 1078 1251 1360 1244 1320 1380 1223 1431 1341 1243 1383 1173 1335 1418 924 1090 1341 1208 1453 1296 1228 1368 1313 986 1317 1058 996 1107 1256 1473 1071 1219 1511 1352 1311 1316
1468 1449 1520 1247 1376 1502 1496 1341 1514 1163 1257 1461 1287 1366 1185 1147 1457 1297 1053 1155 1489 1057 1166 1208 1323 1432 1441 1468 1336 1358 1388 1343 1405 1436 1295 1459 1337 1247 1523 1223 1371 1454 1183 1032 1371 1349 1489 1272 1477 1573 1302 1209 1433 1192 1192 1069 1369 1528 1196 1252 1419 1203 1192 1506
1285 1158 1450 1185 1230 1317 1350 1165 1481 1103 1248 1361 1254 1330 1297 1162 1272 1158 1065 1167 1194 1054 1044 1130 1231 1220 1266 1245 1087 1301 1333 1225 1247 1390 1074 1270 1400 1230 1320 1042 1209 1306 1152 1116 1295 1190 1430 1178 1307 1383 1262 1055 1233 1094 1067 1149 1137 1427 1189 1210 1461 1390 1316 1407
1435 1386 1649 1175 1377 1629 1659 1449 1561 1287 1352 1624 1311 1494 1243 1347 1497 1288 1262 1232 1604 1235 1255 1215 1574 1460 1512 1497 1400 1491 1459 1525 1519 1624 1331 1573 1481 1320 1665 1351 1390 1590 1274 1164 1491 1419 1665 1406 1417 1556 1456 1286 1367 1208 1177 1423 1392 1578 1398 1332 1609 1454 1382 1600
1450 1209 1498 1142 1208 1447 1390 1316 1503 1177 1274 1369 1338 1461 1343 1335 1349 1284 1137 1243 1281 1177 1021 1312 1394 1326 1217 1249 1111 1362 1454 1406 1445 1400 1269 1424 1329 1234 1376 1246 1329 1303 1063 1083 1520 1234 1427 1343 1276 1354 1448 1206 1255 1116 1233 1184 1203 1523 1219 1323 1486 1274 1364 1408
1287 1003 1370 1066 1134 1228 1352 1228 1164 1084 1292 1247 1082 1315 952 1120 1065 1203 1022 1010 1242 950 1087 1167 1339 1260 1034 1210 1138 1095 1233 1203 1234 1294 1126 1231 1266 1153 1454 1088 1081 1366 917 1007 1272 1166 1498 1200 1176 1315 1164 1035 1245 1076 990 1305 1117 1304 1073 1086 1302 1189 1119 1329
1465 1178 1546 1229 1355 1509 1623 1472 1465 1160 1307 1537 1236 1394 1335 1200 1440 1275 1085 1358 1609 1185 1244 1279 1472 1422 1335 1351 1439 1281 1494 1310 1333 1554 1282 1592 1440 1429 1624 1323 1401 1623 1193 1177 1408 1320 1548 1387 1410 1535 1504 1231 1511 1219 1205 1318 1355 1545 1251 1213 1415 1508 1327 1490
1434 1136 1532 1279 1093 1450 1458 1371 1473 1312 1258 1403 1364 1436 1358 1209 1387 1177 1108 1213 1333 1197 1044 1267 1406 1382 1266 1342 1087 1387 1389 1359 1376 1471 1103 1366 1469 1386 1407 1375 1288 1388 1117 1116 1515 1364 1537 1324 1309 1398 1358 1218 1237 1114 1303 1234 1124 1487 1262 1335 1563 1394 1363 1646
1268 1030 1481 992 1112 1302 1376 1095 1240 1066 1228 1304 1092 1188 1161 1120 1089 1172 861 1155 1135 1120 1048 1103 1321 1118 1169 1189 1209 1060 1236 1116 1039 1312 1133 1281 1316 1128 1314 1106 1050 1459 1117 985 1191 1129 1331 1177 1320 1287 1248 1068 1164 1023 927 1147 1106 1216 1092 1157 1310 1220 1149 1277
1251 1080 1539 1235 1164 1345 1265 1300 1383 1184 1305 1398 1298 1281 1218 1151 1435 1300 1027 1314 1337 1192 1097 1157 1338 1156 1289 1272 1190 1242 1395 1297 1262 1484 1247 1391 1545 1373 1362 1239 1240 1463 1176 1083 1261 1218 1360 1395 1306 1409 1327 1076 1210 991 1177 1241 1247 1504 1181 1208 1471 1389 1339 1418
1317 1187 1483 1171 1167 1366 1449 1294 1472 1224 1210 1425 1477 1339 1306 1217 1367 1338 1193 1274 1358 1167 1078 1264 1232 1372 1266 1308 1186 1416 1350 1538 1469 1453 1186 1423 1410 1298 1451 1246 1385 1491 1028 1079 1527 1259 1488 1498 1318 1404 1339 1188 1351 1115 1237 1270 1248 1521 1165 1332 1543 1330 1344 1619
1257 978 1424 1111 1180 1426 1298 1242 1443 1103 1195 1408 1268 1290 1167 1174 1295 1091 1114 1148 1201 1096 1062 1254 1389 1223 1234 1244 1058 1193 1388 1237 1255 1361 1160 1430 1357 1251 1301 1235 1193 1384 1066 1056 1297 1047 1248 1319 1326 1412 1211 1050 1081 1102 1123 1149 1154 1394 1171 1173 1340 1278 1221 1346
1337 1051 1391 1146 1094 1491 1281 1289 1381 1153 1205 1340 1247 1313 1214 1135 1341 1193 1010 1236 1316 1166 1021 1166 1248 1281 1220 1153 1270 1225 1359 1256 1268 1386 1179 1346 1403 1325 1352 1180 1252 1479 1120 1051 1405 1276 1285 1313 1364 1355 1241 1120 1201 977 1135 1132 1209 1423 1190 1238 1457 1338 1163 1407
1190 1200 1467 1233 1170 1296 1374 1207 1247 916 1051 1358 1278 1163 1185 1046 1223 1114 1066 1176 1290 1088 1057 1095 1198 1220 1188 1238 1131 1198 1244 1250 1186 1266 1121 1323 1240 1225 1263 1083 1175 1356 940 1044 1240 1196 1367 1209 1139 1341 1229 1105 1210 959 1063 943 1079 1378 1145 1138 1356 1214 1140 1468
1379 1068 1464 1181 1186 1370 1424 1381 1444 1195 1316 1394 1272 1339 1276 1157 1342 1211 1104 1341 1304 1221 1226 1218 1375 1351 1345 1302 1239 1241 1410 1254 1337 1451 1372 1438 1457 1383 1396 1194 1219 1598 1087 1118 1361 1187 1521 1401 1257 1450 1252 1048 1208 1003 1192 1349 1152 1549 1216 1203 1487 1419 1321 1467
1283 1108 1611 1097 1111 1302 1386 1273 1322 1091 1153 1257 1243 1204 1203 1304 1239 1201 979 1034 1252 1047 1220 1178 1369 1313 1121 1289 1218 1021 1308 1149 1237 1307 1228 1412 1382 1256 1264 1215 1206 1438 1113 1036 1287 1081 1337 1280 1301 1438 1231 1176 1218 1098 1000 1257 1120 1457 1160 1085 1457 1268 1235 1494
1361 1176 1544 1095 1233 1362 1431 1251 1398 1139 1257 1336 1292 1291 1179 1114 1192 1302 1219 1197 1272 1121 1130 1246 1481 1430 1395 1343 1282 1280 1283 1530 1409 1384 1303 1312 1369 1266 1391 1165 1223 1462 1141 1111 1367 1285 1540 1308 1313 1393 1252 1211 1236 1173 1216 1287 1120 1432 1317 1354 1441 1253 1248 1516
1050 935 1160 909 899 1075 1152 1112 1243 968 1041 1124 1072 1039 1104 969 1061 853 921 1039 1049 785 942 957 918 1225 1015 1119 994 1126 1112 1043 1143 1050 1055 1113 1030 995 1181 947 994 1199 824 930 1095 1048 1130 997 1007 1186 997 1033 1029 934 971 995 935 1153 979 961 1277 968 1081 1059
1267 1109 1442 1146 1021 1308 1423 1253 1233 1125 1256 1336 1118 1176 1148 1160 1316 1088 925 1015 1258 1174 1115 1007 1143 1270 1121 1390 1079 1079 1206 1152 1239 1324 1036 1304 1283 1316 1321 1163 1187 1401 907 1013 1316 1093 1403 1221 1072 1333 1109 1129 1166 950 1131 1271 1072 1335 1018 1095 1276 1127 1292 1425
1252 1083 1546 1169 1099 1423 1411 1169 1402 1089 1302 1357 1186 1261 1200 1158 1189 1261 977 1108 1120 1068 1010 1114 1207 1304 1284 1263 1225 1257 1324 1236 1287 1303 1110 1303 1393 1359 1396 1069 1199 1304 1057 1142 1241 1202 1390 1234 1261 1350 1222 1118 1182 1132 1154 1144 1124 1510 1175 1310 1281 1320 1238 1409
1218 1168 1417 1189 1068 1393 1368 1251 1324 1144 1239 1504 1209 1295 1087 1072 1332 1098 1097 989 1276 1001 1013 1040 1264 1320 1306 1225 1154 1275 1351 1192 1369 1260 1198 1254 1348 1106 1360 1229 1223 1435 1016 1024 1262 1271 1447 1217 1331 1391 1077 1100 1126 1028 1114 1017 1260 1406 1124 1114 1359 1267 1205 1438
1422 1230 1624 1292 1290 1540 1564 1290 1563 1325 1481 1645 1362 1442 1399 1225 1495 1164 1134 1302 1436 1221 1227 1179 1382 1416 1394 1356 1213 1328 1430 1190 1355 1548 1297 1433 1589 1348 1458 1189 1325 1606 1136 1228 1324 1301 1542 1392 1385 1494 1257 1114 1280 1130 1131 1260 1223 1577 1247 1233 1488 1581 1410 1556
1321 1158 1561 1085 1227 1475 1558 1377 1480 1159 1199 1384 1258 1351 1249 1233 1422 1145 1074 1149 1347 1134 1101 1273 1461 1269 1255 1403 1270 1263 1321 1320 1312 1390 1279 1455 1410 1281 1530 1234 1303 1535 1096 1121 1406 1239 1480 1316 1307 1466 1320 1318 1354 1144 1101 1292 1184 1491 1278 1264 1427 1258 1260 1525
1195 1012 1325 1058 1028 1250 1303 1122 1248 1140 1142 1142 988 1216 1163 1083 1125 949 942 989 1164 1002 921 1089 1128 1067 1007 1130 940 1112 1270 1074 1027 1274 851 1230 1274 1175 1251 973 1114 1252 867 1123 1289 984 1381 1033 1013 1177 1097 942 1111 1018 948 1062 932 1285 1076 1005 1284 1270 1051 1371
1359 1170 1588 1233 1313 1412 1462 1372 1520 1242 1299 1467 1355 1408 1290 1308 1480 1295 1139 1279 1466 1104 1138 1333 1389 1334 1183 1312 1219 1231 1359 1357 1345 1426 1326 1443 1401 1324 1410 1295 1367 1503 1195 1078 1439 1341 1527 1396 1384 1588 1299 1244 1303 1115 1230 1193 1286 1552 1283 1205 1553 1324 1292 1484
1221 998 1268 1054 1074 1223 1214 1152 1304 966 1239 1253 1170 1327 1114 1007 1143 1130 1087 1108 1108 1104 1007 1086 1149 1202 1249 1160 1052 1126 1302 1319 1209 1269 1113 1269 1092 1018 1314 1022 1086 1097 1006 1032 1281 1108 1422 1132 1092 1297 1114 1037 1140 988 1123 1170 1008 1332 1137 1139 1168 1142 1136 1301
1200 1175 1305 1086 1176 1203 1348 1046 1281 1053 1146 1361 1197 1185 1051 1002 1156 911 968 1040 1228 1022 1015 1012 1151 1072 1120 1222 1066 1141 1163 1159 1076 1293 965 1196 1227 1050 1293 1105 1140 1355 946 1047 1209 1185 1300 1064 1084 1165 1201 988 1149 977 924 985 1089 1285 978 1019 1342 1117 1176 1196
1486 1164 1551 1327 1387 1615 1473 1390 1604 1228 1382 1502 1466 1549 1335 1157 1464 1275 1188 1391 1569 1213 1141 1442 1511 1274 1429 1405 1379 1401 1585 1436 1411 1586 1350 1610 1640 1480 1625 1307 1437 1676 1213 1260 1516 1442 1568 1448 1457 1609 1438 1178 1350 1274 1275 1250 1343 1673 1382 1311 1586 1520 1344 1524
1486 1254 1722 1287 1277 1623 1655 1546 1589 1305 1346 1568 1412 1425 1366 1348 1437 1381 1187 1533 1572 1336 1182 1416 1547 1512 1449 1408 1478 1619 1586 1512 1422 1608 1350 1718 1626 1593 1649 1408 1529 1636 1186 1225 1577 1319 1563 1563 1400 1560 1691 1391 1438 1261 1320 1439 1419 1707 1399 1464 1565 1642 1381 1664
1273 1157 1520 1125 1199 1434 1447 1369 1492 1213 1190 1375 1321 1262 1236 1257 1376 1171 1101 1188 1280 1112 1099 1289 1279 1384 1270 1308 1300 1370 1414 1304 1255 1419 1135 1473 1294 1272 1391 1318 1352 1499 1148 1028 1431 1127 1439 1292 1247 1481 1296 1195 1194 1213 1162 1202 1241 1448 1276 1238 1569 1223 1220 1575
1292 1268 1522 1183 1294 1422 1537 1315 1515 1197 1212 1400 1278 1324 1253 1177 1361 1218 1041 1223 1402 1144 1065 1252 1257 1336 1276 1424 1209 1301 1365 1169 1307 1377 1238 1438 1309 1315 1443 1271 1319 1547 1122 1043 1328 1224 1502 1264 1315 1482 1283 1163 1309 1158 1151 1153 1258 1429 1230 1126 1491 1325 1311 1543
1374 1086 1473 1245 1249 1243 1414 1148 1394 1166 1426 1397 1142 1291 1051 1005 1075 1142 1015 1119 1291 1061 1212 1290 1403 1382 1230 1317 1248 1039 1321 1235 1214 1385 1177 1376 1386 1262 1425 1137 1134 1375 1091 1168 1278 1329 1520 1180 1208 1463 1115 1009 1279 1236 1125 1200 1119 1322 1177 1103 1418 1280 1199 1336
1326 1159 1420 1182 1149 1205 1377 1166 1266 1133 1156 1345 1155 1218 1179 1187 1280 1236 983 1200 1412 986 1247 1110 1371 1265 1175 1245 1077 1004 1277 1134 1256 1397 1318 1455 1298 1250 1322 1150 1265 1360 988 1033 1230 1159 1409 1272 1277 1416 1180 1084 1172 1098 1184 1326 1229 1440 1157 1086 1382 1327 1187 1374
1338 1211 1485 1245 1163 1503 1333 1240 1377 1246 1283 1407 1296 1338 1221 1089 1374 1253 1032 1140 1335 1029 1076 1245 1274 1251 1118 1351 1191 1262 1404 1317 1355 1394 1150 1370 1295 1256 1501 1109 1181 1309 1085 1088 1351 1330 1368 1237 1275 1413 1294 1144 1182 1121 1208 1202 1153 1483 1288 1185 1509 1177 1231 1366
1227 1235 1407 1128 1186 1323 1421 1263 1245 1037 1190 1333 1139 1234 1132 1126 1285 1239 989 1199 1349 1171 1107 1083 1382 1253 1150 1326 1145 1193 1254 1214 1131 1364 1161 1373 1395 1387 1443 1082 1254 1400 1065 1034 1368 1171 1390 1280 1227 1421 1290 1092 1209 1086 1083 1291 1241 1494 1173 1210 1343 1353 1137 1403
1371 1277 1732 1273 1256 1415 1564 1400 1615 1305 1336 1566 1354 1376 1361 1359 1395 1268 1116 1367 1336 1107 1314 1259 1381 1558 1439 1513 1368 1331 1460 1543 1471 1448 1419 1521 1378 1364 1457 1286 1282 1656 1110 1190 1397 1256 1609 1356 1360 1530 1287 1224 1302 1169 1270 1374 1310 1526 1261 1328 1572 1407 1276 1610
1138 1030 1301 1039 1058 1258 1240 1185 1148 903 1113 1252 1129 1068 1056 973 1132 1024 911 1077 1170 1034 949 950 1085 1125 1104 1127 1061 1087 1113 1087 1058 1200 1028 1155 1232 1187 1252 1050 1157 1455 839 1031 1155 1024 1169 1103 1200 1236 1068 985 1157 931 970 1078 1016 1228 960 1126 1188 1191 1055 1200
1267 1164 1505 1138 1130 1389 1375 1261 1379 1132 1092 1337 1216 1323 1252 1102 1364 1078 999 1200 1266 1008 1053 1093 1379 1272 1247 1265 1100 1258 1331 1227 1268 1435 1158 1285 1336 1244 1376 1106 1239 1322 988 1098 1377 1253 1455 1214 1294 1334 1327 1042 1201 978 1066 1067 1118 1393 1198 1286 1473 1247 1154 1457
1161 983 1160 946 1084 1072 1273 1055 1109 916 1057 1192 898 1007 1021 1101 1003 1102 1027 1087 1085 1009 1068 954 1177 1125 1048 980 908 1120 1048 1191 1144 1224 1057 1283 1051 1050 1184 1084 1003 1251 805 918 1138 944 1286 1201 1041 1085 1086 966 981 1020 1046 1182 1093 1213 1032 997 1229 1069 1014 1260
1339 1149 1605 1235 1203 1471 1506 1230 1475 1328 1303 1492 1293 1323 1201 1345 1337 1156 1122 1295 1246 1121 1160 1281 1297 1254 1317 1314 1210 1347 1387 1381 1351 1474 1148 1501 1386 1325 1580 1225 1283 1557 1022 1118 1318 1272 1520 1285 1355 1338 1285 1183 1227 1075 1179 1280 1229 1424 1204 1224 1449 1324 1324 1427
1300 1152 1408 1104 1037 1296 1373 1292 1337 1123 1237 1285 1323 1278 1146 1256 1243 1108 1124 1115 1198 1049 1127 1115 1317 1269 1203 1296 1149 1186 1282 1279 1259 1282 1149 1352 1339 1163 1356 1245 1243 1406 1005 1048 1354 1272 1478 1288 1166 1347 1184 1205 1264 1053 1202 1228 1032 1392 1163 1246 1369 1188 1187 1340
1327 1237 1468 928 1228 1421 1485 1249 1435 1148 1174 1324 1282 1311 1307 1190 1251 1055 1001 1164 1396 1048 880 1261 1264 1222 1175 1290 1141 1208 1322 1183 1145 1321 1165 1406 1348 1192 1410 1108 1220 1493 1005 1118 1332 1247 1419 1288 1228 1382 1322 1107 1323 1157 965 1070 1143 1300 1226 1146 1456 1259 1169 1393
1440 1322 1598 1136 1286 1414 1489 1416 1493 1226 1290 1372 1305 1357 1443 1322 1456 1223 1149 1316 1330 1108 1167 1253 1374 1499 1254 1427 1241 1313 1345 1354 1330 1518 1263 1427 1396 1405 1397 1263 1353 1603 1073 1208 1377 1184 1449 1240 1458 1506 1422 1170 1307 1231 1157 1203 1163 1615 1156 1230 1537 1399 1227 1505
1453 1335 1537 1147 1232 1342 1617 1240 1344 1234 1386 1365 1181 1398 1203 1269 1305 1256 1077 1060 1445 1157 1121 1184 1379 1397 1186 1374 1189 1231 1320 1401 1270 1436 1125 1434 1378 1212 1478 1299 1307 1346 1099 1117 1472 1242 1577 1316 1177 1478 1398 1230 1273 1172 1191 1331 1237 1464 1243 1260 1487 1272 1249 1515
1493 1259 1712 1268 1303 1592 1535 1506 1656 1322 1522 1634 1339 1523 1333 1392 1517 1353 1204 1412 1510 1218 1228 1280 1527 1545 1560 1542 1356 1471 1563 1532 1620 1709 1448 1504 1572 1446 1614 1368 1339 1633 1266 1217 1567 1493 1779 1414 1372 1575 1386 1194 1371 1254 1336 1366 1363 1632 1323 1366 1633 1390 1461 1537
1356 1102 1319 924 1123 1281 1295 1143 1339 1016 1118 1132 1179 1192 1156 1125 1156 1073 1064 1230 1257 963 955 1198 1340 1127 1184 1174 1135 1165 1272 1287 1114 1294 1141 1375 1250 1180 1128 1089 1197 1368 1037 917 1325 1091 1297 1256 1203 1326 1384 1161 1092 1043 1112 1152 1128 1255 1207 1201 1361 1151 1146 1256
1262 1118 1338 1263 1076 1321 1375 1141 1240 1130 1185 1335 1143 1340 1103 1092 1296 1123 956 1102 1373 1046 1047 1114 1291 1128 1109 1313 1079 1170 1313 1149 1313 1287 1096 1399 1235 1183 1439 969 1215 1312 909 1099 1301 1219 1363 1098 1133 1292 1195 1062 1190 906 1089 1167 1017 1378 1139 1111 1383 1269 1189 1402
1503 1162 1545 1208 1234 1563 1639 1499 1532 1252 1290 1508 1392 1467 1353 1386 1429 1343 1148 1307 1497 1392 1278 1323 1436 1346 1448 1453 1335 1357 1533 1402 1405 1553 1277 1606 1562 1462 1582 1272 1405 1663 1259 1186 1666 1327 1621 1410 1446 1562 1420 1280 1489 1162 1213 1452 1221 1619 1204 1334 1535 1461 1387 1587
1515 1265 1469 1198 1231 1490 1478 1348 1527 1343 1345 1502 1247 1378 1192 1281 1379 1217 1203 1232 1425 1186 1159 1423 1342 1362 1284 1270 1155 1352 1567 1283 1301 1512 1299 1641 1323 1300 1549 1253 1260 1407 1067 1052 1406 1231 1498 1424 1307 1501 1429 1141 1268 1106 1244 1297 1354 1525 1320 1161 1531 1355 1327 1479
1245 1156 1441 1094 1085 1355 1290 1222 1370 1147 1212 1402 1184 1196 1245 1131 1315 1186 973 1128 1160 1074 980 1047 1135 1200 1244 1320 1144 1339 1243 1188 1291 1358 1109 1250 1391 1344 1373 1130 1129 1426 1032 972 1238 1220 1450 1236 1285 1320 1283 1120 1213 970 1091 1038 1171 1451 1127 1080 1378 1229 1291 1340
1495 1224 1522 1131 1162 1425 1500 1285 1539 1486 1366 1434 1278 1321 1330 1289 1376 1202 1126 1248 1333 1108 1092 1319 1405 1454 1237 1302 1171 1338 1334 1306 1323 1545 1170 1484 1389 1300 1465 1311 1266 1483 955 1201 1432 1299 1541 1316 1391 1445 1339 1112 1291 1108 1254 1328 1168 1438 1251 1252 1569 1282 1257 1541
