0 0 0 0 0 0 0 0 0 0 0 0 0 0 0 0
12 0 0 0 0 0 0 0 0 48 0 0 0 0 0 0
0 0 0 0 0 0 0 0 0 0 0 0 0 0 0 0
0 0 0 24 0 0 0 0 0 0 42 0 0 0 0 0
0 2 4 0 0 0 14 5 0 0 0 0 0 14 0 0
0 0 0 0 0 0 0 0 0 0 0 0 42 0 0 0
0 0 0 0 0 0 0 0 0 0 0 0 0 0 0 0
0 24 4 0 0 0 0 15 0 0 16 0 8 0 10 0
0 8 9 0 0 0 0 0 0 0 0 0 0 0 0 0
0 0 0 0 0 0 0 0 0 0 0 0 35 0 0 0
0 0 0 0 0 0 0 0 0 0 0 0 0 0 0 0
0 0 0 8 0 0 0 0 0 0 14 0 0 0 0 0
0 0 0 0 0 0 0 30 0 24 42 0 0 0 0 0
0 0 0 0 0 0 0 0 0 0 0 0 0 0 0 0
0 0 0 4 0 0 0 0 0 0 0 0 0 0 0 0
0 0 0 0 0 0 0 0 0 0 0 0 35 0 0 0
