21 20 17 21 25 13 20 21 19 19 17 20 17 20 22 21 18 18 17 15 20 15 16 17 16 18 20 20 15 20 22 13 13 12 15 18 16 17 17 19 24 18 18 20 17 21 11 18 13 21 19 18 20 19 16 16 19 17 20 12 19 14 21 21
20 16 10 17 21 13 16 23 15 15 16 16 11 18 15 14 16 12 16 15 10 17 13 15 18 15 16 16 13 16 19 13 15 15 15 15 15 13 10 14 15 14 13 15 13 17 12 14 12 12 17 14 16 15 10 11 17 13 11 15 15 18 19 18
15 16 9 16 18 11 13 15 14 10 16 11 15 16 13 12 14 12 9 15 12 13 12 11 10 15 15 13 12 15 13 13 13 12 8 9 16 20 11 12 12 12 8 18 13 16 8 12 11 14 18 15 12 15 10 12 14 13 12 13 18 9 16 18
20 16 15 17 21 13 20 21 21 16 18 20 14 19 17 20 18 16 14 15 14 15 13 15 19 14 19 19 13 18 19 15 16 18 17 20 18 23 16 20 17 15 21 20 12 19 12 17 20 19 17 15 18 18 15 15 15 16 14 13 19 16 20 17
22 18 18 14 23 16 19 22 19 19 20 16 15 17 20 18 20 12 12 16 11 13 13 17 20 18 16 14 16 19 16 11 14 16 16 15 17 17 18 17 15 14 13 19 14 19 15 18 14 15 19 15 18 19 13 16 18 18 17 18 16 16 21 24
19 20 14 19 24 17 16 19 23 16 17 21 18 18 19 18 14 20 16 17 16 17 15 18 20 17 21 19 14 19 19 14 16 18 15 20 20 20 16 21 18 19 19 20 13 20 12 16 18 17 16 18 16 17 13 15 17 16 16 14 18 17 24 18
14 15 15 18 23 16 17 17 21 16 17 21 14 20 17 17 17 13 13 14 13 16 15 18 17 18 16 16 12 20 19 15 17 15 19 17 16 16 17 19 15 14 13 19 12 16 10 16 14 13 18 19 19 18 11 9 15 15 17 12 17 17 20 17
19 21 11 16 21 16 19 16 16 14 20 14 11 16 15 18 12 13 14 16 14 9 16 15 17 16 14 17 12 16 11 12 16 12 15 13 17 20 14 15 15 12 13 18 16 17 13 15 12 18 18 16 17 14 8 10 13 14 14 10 16 13 19 18
16 14 12 14 15 9 16 15 18 13 21 19 13 13 12 13 16 12 15 13 14 15 14 15 18 15 15 14 10 16 15 16 15 15 13 12 15 16 14 18 13 15 13 19 12 16 9 15 14 15 16 13 18 17 11 10 14 15 18 17 15 16 19 18
17 13 14 17 17 9 12 11 18 14 14 18 10 14 14 10 13 9 14 13 11 16 14 12 17 16 17 13 9 15 15 11 14 13 14 13 11 15 18 17 13 13 12 15 13 14 11 13 12 13 10 11 16 15 9 10 15 14 15 14 16 12 16 16
19 16 15 16 16 11 15 16 17 17 21 13 12 12 14 16 17 9 17 14 13 13 14 13 16 13 13 16 9 13 15 9 13 12 14 13 13 14 9 12 15 12 13 17 13 15 10 18 11 18 17 14 17 13 12 11 12 13 11 17 15 13 15 19
18 13 14 21 19 14 14 16 17 15 18 19 20 20 19 16 20 20 16 15 15 17 18 15 14 17 20 14 11 22 18 16 18 15 13 14 18 19 18 18 17 16 13 16 13 18 10 18 12 17 18 18 20 18 12 15 18 12 17 18 20 13 18 20
13 15 14 14 18 13 15 13 14 14 15 13 10 15 13 15 13 11 15 8 9 13 13 15 13 12 14 13 8 15 12 6 12 11 13 16 16 11 11 12 16 11 15 13 9 15 9 14 9 13 10 12 13 12 11 13 10 11 11 13 13 15 16 15
17 16 12 20 22 16 18 17 18 12 12 18 15 15 19 17 16 13 13 16 17 14 16 18 19 19 19 18 10 20 19 16 17 14 15 14 17 17 22 19 16 11 14 21 18 22 12 17 12 14 19 18 16 18 13 10 15 16 20 18 20 15 24 20
20 14 11 17 18 12 18 18 15 15 17 19 12 11 15 15 14 13 14 15 16 12 12 14 15 16 14 19 11 17 19 14 17 12 12 15 9 13 9 13 15 13 13 12 13 20 8 12 12 17 15 13 16 15 9 11 14 10 16 13 13 11 16 13
19 16 15 19 22 15 20 21 20 14 18 23 19 19 20 21 17 19 16 15 15 17 17 20 18 17 19 17 11 21 24 17 18 18 14 15 22 20 21 21 16 17 19 20 14 23 12 19 14 21 19 16 19 21 18 15 17 16 16 20 21 19 23 19
16 14 9 13 15 10 13 17 14 9 13 12 11 15 14 15 15 11 9 13 14 15 13 12 15 13 18 14 10 15 16 13 10 10 11 13 13 12 16 15 16 13 13 16 18 17 11 12 11 11 16 14 13 15 11 13 10 14 16 12 14 10 17 15
15 17 15 17 21 9 17 16 12 9 16 13 8 13 10 16 14 12 8 10 9 9 10 15 17 15 15 14 13 10 12 11 15 10 13 12 15 13 14 10 15 12 10 14 12 16 11 13 11 12 14 14 13 11 7 12 11 15 12 12 11 12 14 17
19 15 13 17 21 14 20 20 19 19 15 20 17 20 15 15 19 14 18 14 12 21 14 15 20 14 22 17 13 23 20 13 16 18 16 17 17 17 16 17 17 20 14 18 12 19 13 14 13 15 14 16 19 16 12 14 21 15 17 18 21 18 18 20
19 15 12 20 19 14 19 22 15 14 16 19 16 18 17 12 15 16 13 14 17 15 11 19 21 18 18 19 10 18 15 19 19 15 10 14 19 19 18 22 16 14 15 19 20 22 10 16 14 14 15 14 16 17 12 13 12 19 21 15 20 13 16 17
20 15 14 18 22 10 18 23 15 15 16 20 12 16 17 13 14 13 13 15 15 14 12 16 20 17 18 19 16 17 20 16 16 16 16 14 14 19 16 17 13 14 16 20 12 20 11 16 17 15 15 15 16 17 13 14 18 20 16 13 16 15 16 15
18 19 13 13 20 14 14 18 17 15 16 17 9 14 14 17 16 11 11 11 12 14 11 16 15 14 18 18 12 17 14 8 15 14 15 13 13 16 12 15 17 10 15 14 12 17 14 13 16 14 13 14 18 15 8 13 14 12 14 12 14 18 16 18
15 11 12 16 18 10 16 17 15 14 18 15 13 14 15 15 15 14 9 13 13 14 10 12 15 11 13 12 9 14 12 13 12 13 11 11 16 14 16 17 17 13 13 15 12 16 8 13 14 14 14 11 14 16 7 12 12 14 14 12 15 13 18 20
12 14 14 15 19 10 14 16 20 16 15 18 17 15 14 14 18 15 14 13 12 16 16 17 16 13 22 13 12 19 19 13 15 14 17 14 17 15 18 21 17 13 17 18 14 18 11 14 13 14 18 19 15 15 16 16 17 15 17 16 16 15 17 19
17 15 11 11 16 12 15 17 19 12 16 18 13 15 14 16 17 14 9 11 9 15 11 19 16 16 15 16 14 17 13 14 17 16 10 15 16 18 14 17 17 11 14 16 12 16 11 13 13 17 15 16 18 15 13 16 13 13 12 14 17 15 15 16
16 11 14 16 18 8 12 15 17 11 10 17 13 14 15 16 14 13 12 9 12 12 13 14 12 14 15 17 11 18 19 14 12 13 13 12 17 15 17 18 14 14 15 12 8 16 11 14 13 16 12 13 16 20 14 15 14 12 13 13 16 13 17 13
26 23 15 25 23 13 21 22 21 16 21 18 18 24 20 19 18 19 16 18 16 15 20 16 24 17 24 21 15 21 25 20 21 17 16 18 20 20 20 26 20 19 20 23 21 24 13 21 21 18 19 18 20 23 16 17 17 20 20 16 23 14 24 19
18 15 10 11 16 11 10 16 16 13 13 19 12 14 12 14 14 11 14 13 14 16 11 14 14 16 19 17 11 15 19 12 11 10 11 13 11 17 12 16 9 16 17 17 12 19 12 13 13 15 15 14 18 14 13 14 16 14 15 18 15 10 15 13
17 16 11 16 20 11 19 18 14 12 15 17 11 16 13 18 12 16 14 12 13 7 16 17 15 18 15 12 13 19 14 14 16 11 12 16 15 14 15 16 15 10 12 16 9 16 12 14 11 15 16 13 13 20 10 10 18 10 17 9 15 15 19 15
15 16 12 16 22 12 18 17 18 13 16 15 14 14 15 16 17 14 14 16 12 14 11 16 18 15 14 16 15 18 17 13 15 14 15 17 21 18 13 14 16 15 12 19 10 19 13 13 13 16 16 21 12 13 9 12 14 15 14 15 21 18 22 18
18 19 19 19 25 20 19 21 20 20 20 22 19 21 21 20 25 17 13 18 15 15 16 25 19 20 21 19 16 24 17 14 22 19 18 18 21 22 20 21 21 15 16 19 18 21 16 17 12 18 21 23 18 18 14 18 15 17 20 18 18 19 22 24
17 17 10 16 19 11 14 16 19 15 17 16 14 13 16 16 15 14 15 13 14 14 17 14 17 13 16 15 14 17 19 13 16 14 17 12 12 12 15 18 17 14 13 15 11 16 11 15 15 14 15 16 17 16 15 14 14 14 17 13 15 14 16 15
18 16 14 17 21 14 16 15 16 15 13 16 11 13 15 17 17 12 9 11 12 12 13 14 13 17 14 14 15 16 16 11 15 17 16 15 13 18 14 15 14 14 13 14 10 16 15 11 10 15 15 18 12 13 11 13 14 12 14 13 15 16 19 15
16 15 14 17 18 8 15 15 20 12 11 18 11 14 15 14 11 11 12 12 14 17 11 11 17 17 19 15 12 14 17 13 12 17 12 15 16 14 14 19 14 14 14 16 14 16 11 14 11 13 15 14 17 10 10 13 13 13 13 13 16 12 15 11
18 22 18 16 23 18 23 21 26 17 20 24 18 21 22 20 20 19 12 13 16 19 14 24 21 21 19 19 14 22 19 16 19 19 14 20 22 22 19 22 18 18 18 23 18 21 13 15 13 19 22 20 18 17 13 17 15 20 22 15 20 18 23 19
18 16 15 20 22 12 16 17 21 15 17 20 15 13 18 13 18 16 14 14 15 19 17 15 19 16 20 19 15 15 22 15 17 18 16 14 12 19 18 20 16 18 14 17 14 18 11 15 15 18 16 19 15 19 15 14 18 18 20 14 18 15 18 17
19 21 13 15 19 12 16 17 18 12 16 22 14 18 16 17 17 15 12 14 16 14 14 19 18 19 19 18 17 20 23 16 17 15 17 17 17 20 16 18 17 18 16 21 12 19 15 12 15 18 16 21 17 18 15 15 16 17 17 16 19 16 21 17
18 18 19 21 25 13 19 21 19 16 18 20 15 19 14 19 17 18 16 12 16 13 18 18 19 20 20 19 15 22 16 18 20 15 18 15 21 22 21 19 16 16 14 19 15 21 12 19 17 17 19 21 17 19 10 12 16 16 20 14 19 17 21 21
15 19 12 13 15 13 14 15 18 9 15 17 13 14 11 12 14 13 11 12 11 12 14 14 16 17 17 16 13 15 15 12 16 15 12 16 14 20 12 14 9 14 13 19 13 15 11 11 14 14 14 15 11 16 9 13 13 15 16 15 14 16 19 16
15 21 15 16 22 16 22 19 21 15 22 21 15 15 15 21 16 19 13 17 14 14 15 19 19 15 19 17 12 17 16 13 19 17 13 17 18 21 17 20 16 17 15 17 16 18 11 16 16 18 19 20 17 16 9 14 14 15 17 16 18 17 19 21
19 16 13 18 20 14 18 18 14 10 15 19 10 16 12 15 14 14 15 12 14 14 15 16 18 15 22 19 12 14 19 15 16 9 13 18 17 19 16 18 18 14 19 18 13 20 12 15 16 16 16 16 16 17 12 12 15 15 17 14 18 15 18 15
14 15 9 14 18 7 14 13 15 12 13 13 12 11 16 15 12 13 13 13 15 16 9 12 13 13 17 16 12 13 17 12 12 12 11 15 14 13 13 14 16 13 16 17 14 18 9 12 16 16 13 16 16 11 12 13 14 15 14 12 13 11 17 14
17 15 11 13 18 8 14 15 16 11 15 14 14 13 13 15 14 14 13 13 12 11 14 11 16 13 21 14 14 13 15 9 15 11 14 15 14 15 12 14 11 12 13 16 13 16 13 13 13 14 15 16 14 11 8 11 15 11 12 13 15 10 14 15
13 8 11 14 15 13 11 12 14 11 12 14 11 14 13 10 16 11 10 8 9 15 10 13 11 12 15 11 10 15 14 11 11 14 12 9 9 15 13 11 14 13 11 13 10 15 8 7 10 11 10 7 11 14 12 14 11 14 14 14 14 11 17 14
16 14 8 16 17 9 14 13 15 13 12 13 10 11 12 17 10 13 17 11 13 10 17 14 15 15 17 14 11 17 13 11 13 11 12 13 13 11 16 16 15 9 14 15 11 15 10 16 12 13 12 13 14 15 10 10 16 9 15 9 13 13 19 12
15 16 14 17 17 7 14 12 16 14 16 17 13 14 12 12 16 12 11 9 7 14 11 16 15 14 16 14 12 14 17 15 19 15 15 12 13 16 16 15 15 15 13 15 9 15 10 14 15 14 11 15 16 15 14 12 14 14 13 14 13 13 14 13
19 14 14 15 21 17 13 15 17 17 18 17 13 16 16 16 15 13 13 16 16 11 12 19 16 14 13 20 12 18 13 14 13 13 14 14 19 20 13 17 13 12 11 19 12 16 14 17 11 17 18 18 15 14 10 10 13 13 14 16 17 16 20 15
12 11 11 11 17 12 10 13 16 14 12 18 16 12 16 14 14 15 11 11 12 11 12 16 12 13 14 15 10 15 19 10 9 13 13 11 12 18 15 16 10 15 13 16 9 11 8 15 11 16 16 16 16 15 14 13 14 14 13 13 13 10 16 12
22 17 17 19 25 16 20 21 20 20 18 23 17 17 21 17 21 15 16 17 18 17 14 22 20 20 22 23 18 24 21 15 19 19 15 16 17 20 16 20 17 17 16 19 16 26 9 17 14 15 17 20 18 15 13 14 16 16 21 17 20 15 23 17
18 11 12 11 20 12 14 18 16 13 13 13 11 17 15 14 16 15 7 12 9 8 13 15 17 11 12 10 13 19 14 14 15 11 11 15 14 13 17 17 12 11 12 14 14 18 14 12 9 13 15 15 6 13 12 10 12 9 14 13 14 14 18 15
18 13 12 19 25 14 15 18 19 18 17 18 17 16 18 19 16 16 14 18 15 14 16 19 16 17 17 17 13 23 17 13 16 15 15 14 19 16 16 22 20 10 14 15 14 21 10 16 12 16 19 18 18 15 13 12 15 11 15 16 22 14 19 18
12 18 12 18 22 11 14 14 18 15 17 18 16 18 17 16 19 16 11 16 16 15 14 16 16 17 20 16 16 19 17 15 19 15 16 12 19 20 17 20 16 14 13 18 14 19 11 13 15 14 17 21 15 14 10 11 16 15 17 13 15 14 19 19
16 18 15 16 27 14 15 17 20 19 18 19 16 20 19 22 19 17 14 17 17 15 17 17 17 19 17 15 14 21 17 10 14 16 18 17 18 18 17 17 18 15 14 23 13 20 9 17 14 18 20 20 17 16 16 13 18 17 18 17 18 17 22 24
20 20 14 18 25 15 17 20 20 15 17 20 16 19 14 19 14 16 14 19 19 16 17 18 21 19 22 19 17 21 20 15 17 17 18 16 19 21 19 23 14 18 16 24 19 26 12 16 15 17 18 20 16 18 15 16 15 18 22 14 23 18 24 21
19 24 13 17 22 11 21 16 18 13 19 19 15 16 17 19 16 15 14 14 15 17 15 15 15 17 22 17 14 15 19 14 17 11 14 17 18 22 18 21 21 19 20 20 16 21 12 15 18 18 18 16 22 18 10 14 17 17 20 13 19 14 21 20
24 19 15 20 26 12 19 23 16 16 18 19 13 16 16 17 15 15 16 15 15 14 14 19 24 22 19 20 16 17 21 17 18 13 16 17 19 20 16 21 17 16 18 20 18 23 14 17 16 17 18 15 18 16 9 13 17 18 16 15 18 17 24 20
22 20 16 17 19 14 20 22 21 16 17 20 18 17 19 15 24 14 16 10 13 17 14 20 19 19 19 20 14 20 21 13 18 17 13 20 17 18 14 18 18 17 17 19 15 17 16 13 14 19 18 18 18 20 14 15 15 17 18 17 20 16 22 19
14 19 16 18 23 16 21 18 20 15 20 21 16 16 20 23 18 17 13 15 17 18 13 20 15 19 21 17 13 23 20 13 17 15 13 19 20 18 20 17 23 14 20 19 15 22 13 16 13 18 18 20 17 17 15 17 19 13 21 17 19 19 20 21
16 18 16 16 25 12 19 17 21 13 17 19 14 15 14 17 19 16 12 15 11 16 11 16 18 14 17 14 15 15 16 12 18 16 15 18 18 20 16 18 14 19 12 17 10 19 14 14 16 16 16 19 15 16 11 12 15 16 16 15 20 16 18 21
20 19 15 18 27 15 18 19 20 19 20 22 16 19 16 20 16 18 20 17 16 13 18 21 18 19 17 16 14 23 17 14 17 14 17 20 18 19 16 22 17 16 16 20 11 20 13 18 15 18 19 15 18 24 13 14 20 15 19 16 18 19 24 20
18 14 13 20 21 16 15 19 19 16 14 19 13 17 20 19 16 17 14 16 20 15 15 19 18 18 17 19 11 22 17 17 16 18 15 16 18 18 17 25 18 11 16 17 15 19 12 17 14 15 18 18 17 20 11 13 15 15 19 15 21 18 23 20
20 18 14 17 20 15 17 16 22 14 18 22 15 20 16 18 16 17 13 14 15 17 17 17 16 15 23 16 9 20 20 15 18 17 15 16 15 21 20 22 15 16 20 21 15 20 13 16 18 17 17 14 20 20 16 18 16 17 19 18 20 15 20 18
15 13 12 13 16 9 12 15 15 14 14 18 11 17 15 16 14 14 12 11 12 14 13 13 10 14 14 14 13 14 15 11 10 11 13 13 15 18 13 15 15 15 14 14 7 13 7 14 11 14 16 16 17 13 10 14 14 12 13 11 16 13 14 14
21 16 12 17 21 13 16 19 14 19 22 19 12 15 16 16 16 13 15 13 13 17 14 19 20 18 17 14 13 16 19 14 17 15 16 15 14 18 14 16 19 15 18 17 11 17 10 13 14 16 13 12 16 14 12 10 17 14 14 15 15 18 18 18
