0 0 0 21 0 0 0 0 0 0 0 0 0 0 0 0
0 0 0 0 0 0 0 0 0 0 0 0 0 0 2 0
0 0 15 0 0 0 14 28 0 0 3 28 0 63 0 0
0 25 2 25 0 0 0 0 0 0 1 0 0 0 0 0
0 0 6 0 0 0 0 0 0 0 3 0 0 0 0 0
0 36 0 0 0 0 0 0 0 0 0 0 0 12 4 0
0 0 0 0 0 42 0 0 0 35 0 0 35 63 0 0
0 0 0 0 0 18 0 0 0 0 0 0 0 14 0 0
0 0 0 0 0 12 0 0 0 10 0 0 10 34 0 0
0 73 36 51 0 0 0 0 0 0 0 0 0 0 0 0
0 0 0 0 0 0 0 0 0 0 0 0 0 14 0 0
0 0 0 0 0 0 0 0 0 0 0 0 0 0 0 0
0 0 0 0 0 0 0 0 0 0 0 0 0 0 0 0
0 0 0 0 0 0 0 0 0 0 0 0 0 0 0 0
0 0 0 0 0 0 0 0 0 0 0 0 0 0 0 0
0 35 0 35 0 0 0 0 0 0 0 0 0 4 0 0
