1405 1176 1240 1361 1313 1398 1202 1189 1227 1380 1214 1258 1486 1256 1204 986 1129 1167 1275 1288 1178 1091 1389 1367 1071 1229 1360 1390 1085 1182 1343 1412 1280 1206 1306 1217 1198 1220 1381 1175 1259 1340 1513 1162 1237 1251 1185 1144 1502 1420 1368 1292 1242 1173 1424 1276 1358 1393 1351 1332 1257 1195 1493 1459
1318 961 1301 1250 1181 1315 1264 928 1287 1302 1025 1164 1452 1131 1257 1005 1208 1261 1400 1306 1019 1199 1305 1279 1212 1240 1269 1341 922 1138 1214 1482 1432 1204 1279 1054 1367 1108 1135 1111 1198 1190 1276 1304 1228 1147 1148 1181 1329 1225 1257 1318 1260 1359 1418 1313 1285 1147 1401 1391 1168 1348 1416 1477
1498 1322 1272 1333 1383 1579 1306 1238 1420 1625 1159 1221 1614 1506 1288 1210 1231 1242 1591 1323 1275 1427 1370 1439 1199 1345 1630 1317 1128 1164 1407 1576 1358 1337 1472 1216 1375 1392 1519 1241 1382 1404 1524 1329 1329 1280 1300 1264 1480 1377 1382 1493 1385 1402 1561 1435 1514 1345 1491 1355 1384 1466 1694 1623
1237 1071 1088 1163 1226 1387 1216 973 1207 1376 1033 950 1393 1189 1210 1025 1187 1123 1355 1188 1148 1178 1127 1142 1017 1180 1281 1115 991 1154 1271 1354 1172 1207 1166 1069 1138 1173 1259 1112 1108 1195 1252 1120 1154 1107 1158 1156 1320 1104 1115 1268 1049 1300 1268 1219 1298 1121 1338 1215 1122 1395 1302 1382
1442 1153 1234 1425 1418 1481 1308 1247 1304 1585 1146 1264 1539 1427 1426 1067 1239 1285 1557 1353 1399 1266 1289 1377 1261 1279 1464 1327 1183 1273 1475 1543 1525 1262 1377 1117 1521 1335 1446 1191 1372 1350 1513 1365 1368 1309 1310 1260 1512 1403 1462 1480 1393 1350 1631 1436 1466 1242 1484 1327 1497 1413 1601 1632
1547 1443 1419 1531 1542 1650 1473 1383 1413 1756 1199 1382 1855 1605 1569 1275 1526 1508 1634 1403 1350 1339 1618 1494 1398 1564 1546 1662 1280 1301 1448 1778 1636 1477 1496 1327 1604 1547 1466 1326 1581 1621 1561 1525 1452 1330 1425 1376 1648 1465 1448 1578 1406 1509 1743 1595 1583 1430 1690 1583 1511 1607 1734 1792
1418 1064 1180 1248 1195 1334 1248 1077 1228 1431 1165 1118 1434 1289 1201 1006 1171 1124 1414 1182 1193 1182 1360 1207 1163 1184 1266 1375 1026 1179 1289 1459 1331 1201 1303 1145 1184 1288 1130 1020 1255 1353 1393 1279 1243 1154 1157 1163 1376 1259 1245 1397 1170 1244 1491 1305 1420 1126 1307 1224 1244 1368 1340 1391
1293 1214 1129 1418 1264 1386 1387 1066 1427 1330 1065 1121 1549 1382 1329 1122 1151 1338 1520 1253 1060 1300 1422 1220 1351 1362 1307 1339 1181 1162 1199 1472 1400 1261 1397 1130 1316 1211 1314 1003 1303 1130 1442 1390 1218 1184 1344 1243 1361 1361 1362 1388 1371 1338 1575 1333 1463 1167 1537 1265 1249 1423 1488 1546
1563 1332 1342 1472 1426 1704 1572 1189 1410 1601 1241 1237 1816 1434 1387 1165 1362 1409 1520 1541 1297 1415 1496 1605 1295 1453 1566 1522 1108 1467 1463 1672 1598 1405 1567 1356 1507 1379 1520 1328 1440 1524 1624 1500 1406 1435 1421 1360 1642 1440 1498 1548 1523 1516 1659 1713 1668 1330 1669 1639 1506 1566 1737 1706
1384 1219 1163 1538 1400 1630 1464 1187 1324 1418 1128 1112 1566 1323 1380 1147 1360 1313 1524 1343 1130 1243 1354 1506 1404 1391 1381 1330 1148 1279 1438 1573 1422 1318 1441 1145 1453 1321 1378 1096 1417 1297 1456 1402 1207 1286 1243 1292 1394 1414 1353 1445 1313 1367 1561 1554 1574 1302 1598 1504 1257 1442 1583 1516
1322 1032 1200 1336 1367 1255 1362 1170 1321 1235 1076 1154 1453 1294 1212 1065 1179 1159 1304 1268 1253 1210 1314 1370 1150 1166 1280 1333 935 1290 1341 1213 1305 1134 1284 1104 1174 1221 1222 1110 1228 1298 1488 1189 1111 1263 1192 1206 1417 1316 1238 1289 1264 1238 1432 1454 1355 1170 1272 1375 1254 1310 1454 1411
1385 1201 1219 1297 1243 1445 1210 1172 1280 1413 1103 1076 1508 1271 1152 1076 1121 1263 1354 1133 1193 1234 1369 1239 1176 1273 1342 1316 1035 1090 1299 1473 1163 1168 1386 1196 1180 1203 1361 1191 1275 1463 1361 1294 1302 1099 1257 1205 1384 1400 1329 1246 1167 1176 1386 1468 1434 1163 1445 1246 1239 1372 1404 1426
1265 1046 1105 1320 1180 1315 1431 1047 1322 1336 1003 1068 1388 1324 1257 1102 1070 1130 1386 1184 1004 1172 1287 1218 1253 1208 1188 1235 1097 1149 1286 1360 1341 1108 1363 1072 1300 1091 1343 1041 1263 1113 1389 1197 1199 1101 1235 1244 1213 1202 1164 1328 1253 1333 1477 1378 1491 1044 1365 1283 999 1407 1336 1530
1446 1196 1322 1437 1357 1475 1412 1173 1256 1488 1182 1190 1659 1287 1406 1139 1293 1283 1465 1293 1174 1219 1390 1384 1329 1389 1487 1291 1098 1224 1398 1612 1478 1248 1454 1149 1403 1240 1397 1212 1431 1360 1475 1455 1298 1198 1252 1274 1420 1360 1353 1358 1228 1419 1572 1567 1536 1223 1598 1481 1291 1447 1487 1587
1339 1179 1160 1374 1133 1418 1231 1089 1380 1390 1074 1141 1422 1417 1312 1100 1184 1195 1338 1217 1105 1228 1439 1249 1188 1348 1271 1274 1101 1207 1263 1419 1353 1143 1255 1216 1298 1282 1324 1048 1262 1278 1348 1147 1125 1281 1276 1207 1314 1260 1268 1346 1301 1239 1396 1345 1472 1114 1530 1369 1286 1286 1393 1544
1188 1090 1122 1207 1251 1380 1189 1091 1152 1267 951 1067 1393 1153 1256 1004 1038 1087 1268 1207 966 1044 1342 1316 1262 1225 1320 1208 973 1014 1290 1384 1304 1045 1167 1002 1191 1120 1234 1046 1234 1211 1198 1083 1131 1224 1072 1078 1210 1190 1249 1326 1274 1239 1299 1439 1292 1055 1483 1049 1136 1156 1408 1445
1529 1378 1458 1638 1596 1764 1484 1279 1495 1636 1369 1390 1912 1412 1548 1290 1429 1513 1609 1527 1368 1394 1629 1463 1458 1683 1550 1536 1214 1356 1573 1822 1496 1489 1655 1402 1420 1346 1493 1352 1563 1627 1716 1639 1427 1418 1401 1449 1655 1479 1606 1554 1407 1513 1728 1697 1724 1511 1812 1533 1510 1679 1681 1751
1389 1195 1183 1237 1324 1322 1165 1092 1230 1209 991 1108 1411 1248 1208 1140 1145 1275 1305 1304 1046 1279 1402 1303 1039 1179 1456 1277 997 1139 1272 1377 1190 1026 1298 994 1112 1199 1271 1106 1217 1207 1457 1020 1128 1153 1140 1147 1332 1249 1248 1259 1104 1299 1458 1342 1256 1246 1382 1338 1203 1328 1533 1364
1069 909 897 1085 1095 1161 1028 884 1110 1176 977 953 1130 1002 1038 895 994 934 1108 1081 907 877 1096 1077 932 972 1059 1049 798 911 1090 1172 1023 1042 953 818 1061 1023 999 944 1039 1013 1113 922 992 999 924 919 1111 1093 1002 995 1067 996 1138 1125 1032 1001 1170 1008 945 1040 1244 1167
1608 1276 1442 1562 1580 1699 1493 1338 1372 1794 1259 1158 1737 1598 1483 1154 1349 1296 1635 1510 1415 1403 1431 1498 1422 1474 1746 1374 1233 1288 1601 1672 1570 1367 1429 1270 1459 1425 1556 1227 1501 1400 1544 1423 1446 1455 1336 1402 1576 1347 1420 1574 1393 1490 1730 1582 1604 1315 1733 1503 1428 1579 1808 1806
1404 1165 1205 1419 1170 1536 1264 1183 1266 1460 1094 1230 1458 1359 1184 1135 1123 1200 1454 1292 1176 1224 1465 1320 1153 1305 1440 1413 1205 1105 1325 1476 1295 1094 1437 1056 1344 1330 1341 1169 1295 1422 1422 1278 1234 1266 1221 1158 1391 1294 1251 1412 1239 1369 1433 1313 1398 1274 1432 1342 1216 1375 1508 1419
1451 1093 1358 1332 1279 1474 1182 1094 1323 1386 1156 1135 1565 1286 1335 1099 1133 1262 1468 1362 1197 1335 1431 1280 1251 1293 1494 1190 1147 1300 1477 1426 1401 1253 1360 1208 1224 1244 1384 1210 1279 1320 1451 1356 1307 1274 1252 1279 1477 1273 1382 1378 1288 1407 1453 1473 1477 1306 1503 1356 1253 1358 1464 1519
1369 1126 1261 1390 1267 1478 1380 1180 1457 1454 1124 1154 1541 1286 1264 1100 1198 1191 1362 1255 1044 1219 1373 1310 1262 1333 1425 1272 1035 1281 1355 1436 1277 1208 1309 1126 1362 1218 1365 1245 1261 1285 1452 1246 1377 1255 1444 1441 1388 1328 1456 1388 1291 1385 1471 1421 1456 1244 1580 1386 1194 1284 1443 1416
1212 1044 1146 1291 1232 1389 1262 1101 1259 1335 1187 1141 1380 1292 1358 1148 1234 1182 1297 1165 1085 1274 1355 1244 1177 1318 1258 1211 1194 1090 1381 1452 1367 1329 1307 1050 1336 1136 1286 1144 1288 1326 1376 1170 1237 1212 1265 1235 1381 1215 1201 1393 1368 1310 1394 1323 1427 1165 1472 1406 1145 1350 1318 1402
1294 1056 1085 1153 1159 1241 1041 1124 1146 1321 1057 1024 1365 1280 1175 1027 1106 971 1263 1206 1047 1106 1279 1105 1065 1077 1308 1242 1003 1031 1278 1314 1197 1065 1268 1002 1088 1258 1186 1041 1096 1272 1289 996 1145 1165 1047 1026 1228 1193 1078 1290 1153 1226 1197 1265 1276 1155 1243 1134 1149 1170 1305 1398
1441 1283 1239 1347 1419 1517 1445 1225 1325 1407 1299 1242 1550 1417 1330 1160 1289 1455 1404 1351 1237 1330 1582 1378 1231 1414 1481 1485 1153 1347 1361 1631 1450 1343 1459 1283 1436 1320 1496 1259 1403 1459 1606 1298 1393 1224 1344 1434 1623 1427 1418 1492 1434 1390 1473 1404 1502 1375 1583 1353 1321 1382 1535 1554
1382 1148 1190 1300 1304 1393 1450 1243 1283 1636 1122 1131 1494 1423 1250 1099 1203 1157 1446 1224 1169 1222 1402 1306 1151 1342 1387 1334 1028 1236 1233 1411 1343 1179 1328 1096 1349 1262 1368 1176 1332 1375 1429 1279 1313 1220 1318 1360 1469 1254 1377 1333 1315 1246 1550 1329 1521 1110 1485 1268 1237 1291 1439 1510
1318 1131 1262 1172 1315 1340 1260 1110 1202 1376 943 1036 1629 1212 1197 949 1091 1262 1461 1156 1209 1122 1342 1295 1135 1069 1364 1192 1018 1128 1345 1369 1149 1197 1299 1153 1081 1245 1317 1108 1127 1261 1289 1214 1191 1126 1250 1131 1445 1154 1216 1196 1242 1327 1459 1395 1401 1112 1303 1162 1205 1265 1331 1529
1351 1109 1322 1349 1480 1406 1287 1085 1432 1332 1114 1126 1492 1222 1307 1047 1146 1366 1441 1285 1212 1167 1394 1265 1134 1175 1399 1309 952 1341 1334 1418 1395 1267 1272 1111 1289 1229 1427 1261 1155 1371 1497 1282 1400 1141 1300 1332 1583 1306 1399 1375 1284 1410 1455 1468 1387 1231 1428 1182 1255 1378 1344 1391
1434 1058 1103 1289 1318 1251 1261 1160 1249 1309 1131 1060 1498 1258 1365 1076 1144 1289 1367 1184 1132 1145 1428 1253 1190 1250 1294 1277 1107 1017 1243 1420 1341 1082 1244 1115 1224 1175 1221 1025 1159 1345 1433 1245 1218 1177 1267 1176 1371 1200 1195 1367 1201 1303 1437 1332 1259 1193 1448 1310 1171 1349 1452 1430
1635 1281 1445 1431 1472 1593 1470 1373 1497 1573 1279 1342 1623 1294 1386 1215 1408 1478 1560 1482 1341 1439 1613 1550 1145 1431 1505 1435 1177 1333 1489 1551 1378 1425 1422 1332 1418 1338 1489 1270 1387 1421 1533 1440 1410 1325 1418 1374 1662 1495 1429 1424 1347 1464 1496 1508 1555 1324 1547 1518 1403 1407 1613 1586
1270 1028 1170 1275 1230 1349 1183 1046 1287 1284 1060 1095 1388 1226 1102 1058 1138 1255 1363 1174 1063 1202 1360 1227 1085 1119 1326 1252 1026 1114 1320 1345 1194 1145 1351 1064 1121 1199 1254 1086 1142 1262 1296 1094 1138 1095 1202 1171 1334 1195 1152 1217 1217 1262 1301 1352 1274 1157 1344 1204 1159 1252 1395 1374
1299 1068 1048 1174 1149 1189 1113 979 1115 1185 895 1031 1430 1195 1258 1042 1108 1167 1119 1245 1030 1161 1303 1142 1124 1042 1222 1226 900 1139 1234 1354 1266 1028 1302 978 1132 1168 1148 1053 1274 1206 1308 1091 1128 1038 1156 1083 1212 1150 1223 1223 1281 1292 1325 1432 1337 1103 1429 1218 1174 1282 1202 1399
1674 1377 1366 1401 1517 1499 1448 1410 1498 1735 1410 1370 1647 1540 1641 1266 1519 1357 1601 1432 1400 1451 1725 1548 1393 1420 1559 1555 1229 1373 1549 1754 1614 1345 1656 1333 1415 1430 1580 1225 1427 1595 1661 1483 1416 1509 1531 1416 1539 1460 1561 1613 1527 1499 1659 1674 1624 1355 1699 1516 1500 1509 1734 1763
1494 1215 1403 1357 1595 1544 1457 1312 1483 1591 1244 1244 1901 1351 1379 1148 1322 1500 1607 1364 1252 1340 1622 1515 1277 1429 1427 1407 1136 1309 1377 1645 1443 1454 1447 1330 1326 1312 1521 1228 1347 1468 1520 1474 1460 1213 1469 1422 1638 1447 1442 1501 1375 1520 1627 1604 1571 1336 1544 1341 1249 1504 1547 1587
1291 1110 1070 1179 1244 1332 1210 1118 1153 1246 955 1065 1579 1129 1181 971 1140 1143 1305 1253 1118 1097 1171 1215 996 1240 1265 1190 930 1225 1268 1426 1192 1162 1210 1082 1227 1124 1244 1176 1214 1268 1428 1259 1222 1076 1238 1187 1276 1198 1145 1277 1157 1276 1303 1404 1426 1174 1354 1266 1289 1349 1329 1401
1630 1378 1488 1480 1642 1623 1521 1501 1497 1817 1400 1349 1881 1612 1577 1211 1543 1400 1620 1465 1396 1471 1653 1557 1346 1570 1655 1518 1210 1490 1566 1741 1532 1484 1634 1452 1353 1473 1585 1352 1426 1600 1618 1501 1576 1483 1458 1555 1695 1522 1536 1566 1537 1521 1604 1665 1749 1345 1717 1673 1548 1568 1683 1852
1350 1176 1288 1321 1490 1432 1218 1167 1247 1469 1147 1178 1662 1418 1409 1132 1274 1276 1467 1406 1221 1268 1404 1341 1224 1266 1468 1355 1138 1103 1416 1502 1351 1281 1512 1087 1309 1362 1325 1206 1275 1348 1504 1332 1283 1297 1258 1205 1392 1288 1266 1427 1337 1492 1457 1402 1342 1321 1453 1418 1430 1450 1516 1615
1267 1163 1165 1169 1207 1463 1304 1156 1167 1473 1105 1080 1464 1214 1245 1085 1158 1128 1306 1110 1111 1174 1302 1127 1238 1219 1478 1246 1047 1132 1386 1401 1159 1192 1335 1157 1197 1235 1359 1226 1212 1340 1227 1014 1170 1184 1119 1291 1336 1125 1242 1202 1127 1283 1370 1354 1348 1066 1367 1200 1116 1297 1328 1533
1301 1083 1114 1233 1289 1315 1214 1090 1170 1280 1040 1083 1455 1265 1217 1134 1191 1127 1270 1272 1063 1234 1347 1323 1251 1195 1377 1245 940 1137 1322 1283 1357 1259 1215 891 1256 1161 1280 1088 1278 1332 1350 1300 1229 1191 1209 1138 1385 1290 1275 1327 1286 1379 1319 1501 1370 1164 1572 1230 1239 1312 1462 1287
1464 1129 1296 1403 1401 1434 1333 1287 1497 1470 1259 1214 1649 1429 1367 1077 1220 1214 1377 1412 1235 1282 1486 1404 1201 1289 1524 1347 1104 1190 1352 1606 1381 1253 1436 1253 1469 1262 1400 1212 1301 1356 1519 1229 1273 1326 1389 1370 1593 1343 1427 1606 1493 1491 1565 1459 1440 1321 1588 1378 1295 1352 1511 1570
1332 1077 1178 1355 1316 1332 1406 1195 1215 1397 1000 1110 1484 1087 1265 1022 1193 1321 1460 1184 1269 1091 1239 1317 1122 1231 1342 1122 1017 1247 1350 1353 1321 1151 1173 1147 1179 1186 1298 1090 1195 1248 1360 1188 1129 1162 1215 1184 1408 1205 1316 1192 1011 1244 1459 1455 1382 1087 1329 1238 1265 1276 1468 1529
1352 1114 1152 1207 1096 1355 1269 1013 1301 1316 1018 1108 1404 1198 1184 1183 1103 1175 1402 1177 1085 1097 1335 1261 1257 1116 1306 1229 1084 1260 1342 1301 1219 1187 1225 1004 1276 1274 1294 1168 1254 1238 1358 1213 1179 1066 1272 1203 1308 1252 1334 1148 1304 1421 1364 1467 1376 1218 1350 1216 1138 1252 1407 1336
1416 957 1124 1378 1293 1347 1189 1189 1212 1339 1124 1067 1376 1257 1271 975 1263 1182 1236 1239 1146 1160 1348 1187 1206 1247 1290 1385 904 1135 1238 1430 1384 1160 1161 976 1258 1142 1230 1107 1146 1217 1336 1285 1283 1177 1112 1159 1302 1289 1234 1326 1196 1305 1288 1392 1278 1158 1426 1272 1196 1351 1479 1429
1392 1295 1263 1432 1461 1578 1386 1255 1460 1476 1259 1249 1651 1445 1362 1226 1184 1296 1505 1336 1227 1245 1603 1418 1404 1393 1414 1495 1149 1423 1378 1535 1471 1324 1398 1139 1442 1383 1412 1177 1356 1458 1688 1370 1372 1296 1430 1417 1570 1464 1461 1543 1335 1364 1583 1475 1528 1307 1633 1439 1449 1421 1485 1455
1325 1006 1159 1332 1379 1325 1406 1106 1268 1329 1143 1135 1555 1222 1217 1133 1171 1300 1263 1336 1146 1258 1357 1290 1189 1249 1343 1267 981 1141 1336 1218 1389 1226 1263 1018 1294 1158 1328 1121 1206 1235 1427 1095 1210 1161 1239 1308 1519 1252 1251 1271 1265 1401 1413 1330 1332 1242 1497 1287 1176 1267 1375 1447
1571 1340 1581 1687 1761 1760 1479 1316 1746 1833 1455 1497 1926 1750 1707 1416 1492 1475 1810 1661 1461 1500 1781 1646 1575 1598 1694 1622 1351 1453 1616 1861 1666 1499 1849 1360 1536 1613 1608 1342 1535 1670 1867 1659 1498 1612 1520 1552 1633 1541 1748 1766 1718 1730 1829 1763 1731 1539 1881 1691 1583 1818 1878 1866
1518 1320 1240 1475 1583 1545 1551 1393 1502 1481 1276 1324 1790 1524 1512 1216 1321 1359 1502 1438 1346 1326 1572 1570 1371 1371 1526 1563 1193 1357 1537 1691 1634 1430 1498 1235 1470 1474 1543 1400 1408 1545 1756 1376 1472 1364 1416 1348 1689 1565 1462 1641 1520 1527 1598 1676 1626 1458 1689 1433 1447 1489 1689 1695
1170 990 1163 1082 1105 1173 1051 1083 1230 1364 1006 1043 1369 1315 1021 974 1018 1004 1182 1105 1064 1151 1216 1105 1030 1119 1275 1237 904 1098 1160 1197 1322 1102 1171 1102 1076 1135 1259 1019 1009 1087 1299 1117 1114 1077 1081 1144 1370 1136 1117 1260 1087 1144 1259 1126 1226 995 1247 1154 1091 1217 1364 1349
1455 1201 1152 1223 1323 1316 1418 1226 1312 1351 1055 1249 1676 1373 1350 1053 1209 1306 1371 1379 1273 1274 1446 1418 1303 1249 1423 1351 1083 1289 1284 1346 1404 1219 1193 1093 1371 1296 1393 1089 1222 1343 1423 1160 1271 1290 1303 1344 1512 1322 1284 1399 1396 1422 1466 1436 1383 1327 1475 1328 1297 1259 1521 1581
1240 1073 1231 1240 1192 1406 1227 1107 1226 1327 981 1039 1425 1269 1068 1138 1129 1175 1223 1139 1116 1244 1231 1215 1162 1186 1324 1202 930 1022 1261 1236 1248 1119 1267 1103 1152 1201 1110 1125 1218 1315 1327 1196 1100 1081 1117 1157 1401 1170 1164 1198 1061 1247 1467 1373 1392 1049 1395 1253 1246 1303 1372 1351
1372 1214 1320 1516 1361 1635 1395 1120 1412 1318 1065 1030 1600 1342 1308 1055 1241 1310 1347 1343 1209 1284 1339 1323 1321 1352 1384 1316 1084 1316 1443 1660 1402 1273 1354 1332 1349 1316 1388 1247 1353 1311 1534 1296 1275 1360 1328 1282 1484 1417 1408 1419 1270 1278 1557 1485 1573 1247 1657 1467 1349 1501 1487 1603
1586 1322 1467 1551 1493 1620 1375 1255 1394 1647 1192 1321 1737 1462 1453 1185 1348 1367 1573 1484 1314 1196 1675 1432 1268 1540 1586 1595 1155 1355 1524 1559 1451 1344 1393 1291 1395 1459 1462 1309 1422 1584 1566 1365 1374 1349 1424 1334 1579 1309 1397 1406 1420 1415 1652 1599 1645 1353 1603 1526 1518 1443 1706 1656
1224 1157 1109 1258 1322 1378 1310 1103 1298 1212 1061 1023 1424 1136 1227 1064 1037 1168 1285 1275 1105 1210 1346 1225 1140 1154 1334 1110 950 1209 1121 1251 1222 1217 1172 1012 1148 1111 1237 1043 1072 1234 1375 1241 1133 1152 1205 1246 1463 1223 1173 1209 1312 1178 1313 1336 1392 1237 1455 1203 1241 1190 1386 1274
1339 1219 1317 1226 1458 1364 1398 1186 1385 1394 1141 1211 1508 1253 1351 1060 1121 1231 1410 1182 1204 1157 1353 1301 1273 1221 1383 1313 957 1146 1328 1461 1284 1322 1251 1171 1217 1164 1299 1086 1197 1219 1488 1281 1392 1106 1197 1218 1381 1314 1321 1276 1156 1329 1467 1350 1393 1154 1440 1293 1214 1375 1471 1496
1366 1193 1290 1439 1217 1508 1326 1237 1279 1300 969 1106 1422 1310 1340 1184 1213 1251 1485 1402 1155 1165 1329 1377 1269 1187 1375 1258 1105 1345 1509 1402 1447 1097 1384 1099 1350 1288 1426 1178 1281 1187 1531 1239 1261 1220 1248 1197 1338 1265 1210 1282 1320 1336 1456 1475 1533 1144 1445 1381 1261 1307 1401 1603
1604 1196 1494 1479 1419 1519 1423 1300 1457 1518 1313 1278 1658 1533 1499 1269 1325 1396 1633 1439 1307 1325 1518 1432 1354 1255 1633 1324 1268 1354 1620 1496 1605 1320 1538 1373 1388 1416 1535 1202 1341 1407 1614 1332 1409 1263 1293 1417 1588 1334 1358 1474 1402 1603 1683 1535 1604 1341 1616 1442 1233 1533 1590 1607
1452 1244 1252 1361 1420 1557 1300 1272 1325 1559 1146 1211 1557 1345 1323 1168 1129 1254 1394 1397 1271 1328 1529 1400 1336 1338 1524 1371 1152 1253 1423 1571 1487 1099 1533 1273 1286 1299 1468 1187 1321 1361 1512 1285 1246 1369 1217 1304 1389 1371 1428 1507 1280 1350 1497 1541 1507 1254 1521 1300 1380 1453 1660 1682
1348 1129 1144 1135 1134 1261 1183 992 1187 1300 1022 1116 1479 1311 1212 955 1130 1064 1229 1143 1048 1072 1358 1189 1191 1237 1237 1396 989 1116 1224 1349 1256 1142 1194 1140 1259 1153 1143 986 1253 1267 1287 1215 1262 1141 1152 1137 1216 1202 1192 1312 1200 1258 1389 1334 1337 1069 1356 1341 1193 1339 1386 1384
1305 1222 1088 1301 1325 1596 1286 1094 1330 1568 1238 1128 1580 1369 1390 1120 1281 1253 1397 1270 1028 1289 1424 1281 1257 1390 1396 1214 1051 1271 1277 1431 1315 1324 1339 1046 1382 1224 1402 1196 1227 1268 1365 1199 1367 1261 1315 1412 1306 1222 1399 1402 1386 1475 1436 1410 1474 1176 1519 1314 1251 1321 1457 1524
1400 1129 1198 1180 1335 1365 1152 1215 1311 1553 1153 1115 1449 1340 1197 1116 1102 1103 1306 1225 1160 1283 1395 1389 1083 1216 1360 1262 984 1102 1302 1408 1243 1227 1341 1200 1148 1140 1343 1109 1180 1364 1453 1284 1308 1201 1239 1169 1450 1262 1301 1454 1266 1240 1318 1292 1417 1218 1433 1267 1212 1373 1482 1420
1413 1124 1340 1327 1422 1406 1286 1185 1345 1473 1222 1230 1581 1402 1296 1117 1207 1301 1453 1399 1209 1276 1425 1506 1177 1242 1399 1271 1036 1216 1478 1466 1401 1311 1435 1189 1184 1281 1468 1309 1228 1347 1566 1193 1325 1363 1289 1203 1380 1416 1278 1347 1368 1399 1378 1417 1396 1302 1469 1414 1333 1406 1542 1691
1336 1055 1354 1307 1429 1331 1322 1198 1398 1415 1093 1226 1478 1251 1298 1145 1232 1322 1343 1367 1249 1248 1414 1352 1232 1243 1344 1256 929 1282 1376 1367 1367 1127 1304 1025 1300 1197 1277 1169 1265 1274 1445 1173 1248 1244 1287 1353 1409 1318 1391 1201 1387 1361 1474 1490 1386 1232 1431 1372 1282 1242 1467 1551
1329 1037 1143 1289 1358 1270 1282 1107 1236 1394 1059 1156 1468 1292 1307 1078 1203 1259 1375 1256 1133 1233 1409 1308 1265 1303 1401 1278 1010 978 1247 1377 1271 1159 1378 991 1174 1175 1368 1025 1216 1249 1254 1235 1204 1141 1059 1193 1338 1244 1332 1303 1252 1374 1396 1435 1321 1238 1491 1172 1141 1280 1465 1498
